LabVIEW Measurement	
Writer_Version	2
Reader_Version	2
Separator	Tab
Decimal_Separator	.
Multi_Headings	No
X_Columns	No
Time_Pref	Absolute
Operator	mechlab
Description	Data file
Date	2022/03/16
Time	20:26:39.3907999992370605469
***End_of_Header***	
	
Channels	6						
Samples	1	1	1	1	1	1	
Date	2022/03/16	2022/03/16	2022/03/16	2022/03/16	2022/03/16	2022/03/16	
Time	20:26:39.3907999992370605469	20:26:39.5967998504638671875	20:26:39.8048000335693359375	20:26:40.0128002166748046875	20:26:40.2188000679016113281	20:26:40.4278001785278320313	
X_Dimension	Time	Time	Time	Time	Time	Time	
X0	0.0000000000000000E+0	0.0000000000000000E+0	0.0000000000000000E+0	0.0000000000000000E+0	0.0000000000000000E+0	0.0000000000000000E+0	
Delta_X	1.000000	1.000000	1.000000	1.000000	1.000000	1.000000	
***End_of_Header***							
X_Value	Untitled	Untitled 1	Untitled 2	Untitled 3	Untitled 4	Untitled 5	Comment
	0.000000	310.469231	-7.525864	63.451106	-1.155077E-5	-2.136581E-5
	1.042000	301.127206	-7.527893	58.565531	-9.731054E-6	-1.958572E-5
	2.100000	315.587863	-7.528938	54.676303	-1.155077E-5	-2.017908E-5
	3.148000	315.897010	-7.527655	51.831201	-1.276390E-5	-2.017908E-5
	4.195000	315.850316	-7.523705	46.123338	-1.094420E-5	-1.899235E-5
	5.237000	311.269471	-7.527339	37.104191	-1.033763E-5	-2.017908E-5
	6.281000	309.813905	-7.528308	37.104705	-1.094420E-5	-2.314589E-5
	7.328000	322.052571	-7.529048	37.116346	-8.517904E-6	-2.077245E-5
	8.371000	326.002241	-7.524700	37.102538	-8.517904E-6	-2.255254E-5
	9.415000	332.743893	-7.530031	37.114327	-6.698167E-6	-2.255254E-5
	10.464000	352.981729	-7.526078	37.114791	-4.878417E-6	-2.314589E-5
	11.506000	368.339233	-7.519037	37.115002	-3.665242E-6	-2.373925E-5
	12.545000	388.660796	-7.516406	37.112869	-1.845468E-6	-2.611267E-5
	13.589000	381.756521	-7.509024	37.114930	-4.271830E-6	-2.492596E-5
	14.646000	392.315812	-7.496724	37.115379	-4.271830E-6	-2.611267E-5
	15.686000	399.967192	-7.483092	37.122761	-4.271830E-6	-2.492596E-5
	16.735000	399.390762	-7.460090	37.124293	-3.058652E-6	-2.551932E-5
	17.778000	404.010250	-7.437079	37.134107	-3.665242E-6	-2.492596E-5
	18.836000	409.541077	-7.420836	37.132785	-4.878417E-6	-2.373925E-5
	19.877000	396.907928	-7.398285	37.138515	-4.271830E-6	-2.551932E-5
	20.923000	391.837600	-7.380747	37.139293	-3.665242E-6	-2.551932E-5
	21.966000	409.175576	-7.363070	37.132112	-1.845468E-6	-2.433261E-5
	23.020000	404.982774	-7.343807	37.142879	-1.238874E-6	-2.611267E-5
	24.065000	395.494226	-7.326293	37.133401	-1.845468E-6	-2.551932E-5
	25.108000	403.913642	-7.312142	37.145328	-2.568027E-8	-2.492596E-5
	26.155000	412.460259	-7.292329	37.142863	-1.845468E-6	-2.670602E-5
	27.199000	408.897022	-7.283165	37.144576	-2.568027E-8	-2.551932E-5
	28.244000	411.945015	-7.268567	37.129556	-1.238874E-6	-2.492596E-5
	29.284000	413.022198	-7.256261	37.132698	1.794122E-6	-2.848606E-5
	30.328000	414.253954	-7.247286	37.122555	3.007331E-6	-2.907940E-5
	31.373000	422.882688	-7.236707	37.118015	3.007331E-6	-2.789271E-5
	32.416000	427.642259	-7.226406	37.111416	4.827156E-6	-2.848606E-5
	33.469000	430.137974	-7.214973	37.112762	4.827156E-6	-3.026609E-5
	34.515000	448.931515	-7.203082	37.113455	1.089334E-5	-2.967275E-5
	35.562000	497.960245	-7.199828	37.115469	1.513976E-5	-3.323277E-5
	36.605000	535.587580	-7.195053	37.120918	2.545282E-5	-3.619941E-5
	37.647000	586.020351	-7.188776	37.120781	3.273290E-5	-3.797938E-5
	38.691000	636.155245	-7.182594	37.125075	3.758641E-5	-3.975934E-5
	39.735000	678.010806	-7.181077	37.122312	4.244001E-5	-4.213259E-5
	40.777000	707.748461	-7.178251	37.127476	4.426014E-5	-4.213259E-5
	41.839000	734.372108	-7.179057	37.128094	4.790044E-5	-4.391252E-5
	42.883000	756.137966	-7.177517	37.125428	4.850717E-5	-4.272590E-5
	43.926000	753.424882	-7.175576	37.127258	5.275426E-5	-4.569243E-5
	44.968000	755.683906	-7.177703	37.128648	5.275426E-5	-2.670602E-5
	46.015000	772.554942	-7.171221	37.127086	5.396773E-5	-2.729937E-5
	47.058000	800.529495	-7.171719	37.128902	5.760818E-5	-2.255254E-5
	48.101000	824.101928	-7.172317	37.126537	6.246220E-5	-2.077245E-5
	49.160000	847.490806	-7.168689	37.132746	6.428249E-5	-1.958572E-5
	50.204000	857.470447	-7.169846	37.131403	6.792309E-5	-2.314589E-5
	51.249000	885.855586	-7.166899	37.130477	6.974342E-5	-2.136581E-5
	52.291000	911.722467	-7.164043	37.124494	8.127247E-5	-0.000104
	53.335000	3146.944742	-6.919895	37.138340	5.518121E-5	-1.899235E-5
	54.392000	861.157665	-7.006676	37.136662	8.005886E-5	-2.729937E-5
	55.436000	1057.187246	-6.997347	37.134833	0.000103	-3.501276E-5
	56.481000	1195.757411	-6.994237	37.145212	0.000120	-3.857270E-5
	57.523000	1270.752851	-6.987833	37.144645	0.000126	-4.035265E-5
	58.567000	1323.457528	-6.981935	37.136332	0.000130	-4.213259E-5
	59.608000	1349.018483	-6.987199	37.145073	0.000134	-4.331921E-5
	60.650000	1369.589618	-6.982825	37.143729	0.000137	-4.391252E-5
	61.696000	1399.546252	-6.981768	37.145534	0.000140	-4.628573E-5
	62.739000	1414.388513	-6.977569	37.145080	0.000144	-4.687903E-5
	63.782000	1435.154475	-6.976331	37.147389	0.000146	-4.806562E-5
	64.825000	1454.352161	-6.977295	37.149815	0.000148	-4.747232E-5
	65.867000	1474.662453	-6.978344	37.145609	0.000153	-4.865891E-5
	66.921000	1497.977265	-6.972872	37.140492	0.000155	-5.162536E-5
	67.967000	1525.737670	-6.970695	37.149625	0.000160	-5.162536E-5
	69.011000	1565.440476	-6.974354	37.148738	0.000164	-5.459177E-5
	70.064000	1602.306217	-6.971187	37.149176	0.000172	-5.637160E-5
	71.106000	1653.585921	-6.964377	37.150781	0.000183	-5.993122E-5
	72.146000	1718.991375	-6.962964	37.150991	0.000194	-6.467729E-5
	73.200000	1819.096933	-6.957812	37.150178	0.000209	-6.764354E-5
	74.241000	1936.572670	-6.946584	37.145286	0.000231	-7.832171E-5
	75.294000	2123.757764	-6.934404	37.151392	0.000263	-8.721982E-5
	76.336000	2326.016980	-6.927570	37.153891	0.000288	-9.552442E-5
	77.388000	2500.718669	-6.912449	37.157472	0.000310	-0.000101
	78.432000	2613.307638	-6.904456	37.154903	0.000322	-0.000106
	79.476000	2715.520872	-6.898427	37.164521	0.000342	-0.000115
	80.519000	2889.494781	-6.884938	37.159582	0.000379	-0.000123
	81.569000	3152.370909	-6.864332	37.162606	0.000405	-0.000133
	82.614000	3296.665130	-6.850685	37.172969	0.000419	-0.000136
	83.658000	3360.027323	-6.842613	37.172826	0.000426	-0.000137
	84.703000	3407.133551	-6.837120	37.166819	0.000429	-0.000141
	85.748000	3425.408630	-6.832224	37.179404	0.000433	-0.000140
	86.792000	3447.874900	-6.830446	37.175670	0.000431	-0.000140
	87.835000	3454.135121	-6.827152	37.174855	0.000433	-0.000141
	88.906000	3465.660496	-6.821233	37.181246	0.000434	-0.000141
	89.950000	3464.089001	-6.824697	37.175541	0.000435	-0.000141
	90.993000	3468.161042	-6.820841	37.179075	0.000435	-0.000142
	92.035000	3470.581081	-6.821616	37.182524	0.000434	-0.000141
	93.087000	3463.992392	-6.816309	37.181096	0.000434	-0.000142
	94.131000	3451.731183	-6.819741	37.178502	0.000432	-0.000140
	95.175000	3442.013994	-6.819824	37.172390	0.000430	-0.000140
	96.217000	3426.730554	-6.821256	37.185593	0.000430	-0.000140
	97.262000	3421.136931	-6.823330	37.182498	0.000429	-0.000139
	98.304000	3415.994147	-6.822033	37.182935	0.000429	-0.000140
	99.360000	3403.177440	-6.822427	37.178357	0.000425	-0.000138
	100.416000	3411.292540	-6.817705	37.182006	0.000425	-0.000137
	101.463000	3398.908961	-6.819016	37.178027	0.000425	-0.000140
	102.508000	3396.324688	-6.817433	37.178941	0.000424	-0.000139
	103.552000	3390.974196	-6.819522	37.173425	0.000423	-0.000138
	104.603000	3374.347900	-6.819682	37.174982	0.000421	-0.000138
	105.645000	3375.837278	-6.824889	37.171839	0.000419	-0.000137
	106.688000	3360.468501	-6.822151	37.175269	0.000416	-0.000134
	107.735000	3323.741229	-6.824293	37.176335	0.000406	-0.000131
	108.790000	3230.660700	-6.826467	37.170953	0.000385	-0.000125
	109.832000	3067.962591	-6.837203	37.173950	0.000359	-0.000116
	110.874000	2864.468391	-6.851454	37.173517	0.000319	-0.000103
	111.919000	2552.924205	-6.868393	37.170549	0.000267	-8.603343E-5
	112.964000	2233.425938	-6.882219	37.170243	0.000235	-7.772850E-5
	114.016000	2072.011118	-6.890885	37.160429	0.000221	-7.238946E-5
	115.068000	1977.354269	-6.894833	37.153132	0.000209	-6.942327E-5
	116.111000	1894.688126	-6.896391	37.153379	0.000199	-6.645705E-5
	117.165000	1825.597064	-6.903237	37.153681	0.000178	-5.696488E-5
	118.209000	1586.029322	-6.922616	37.149221	0.000128	-4.153928E-5
	119.251000	1288.037692	-6.939381	37.152332	9.947738E-5	-3.441943E-5
	120.301000	1097.967234	-6.954007	37.146711	7.884526E-5	-2.907940E-5
	121.344000	990.554868	-6.970099	37.145513	7.035020E-5	-2.611267E-5
	122.398000	941.638848	-6.964250	37.146183	6.185545E-5	-2.373925E-5
	123.454000	895.928615	-6.970901	37.134773	5.942843E-5	-2.314589E-5
	124.497000	873.349637	-6.975414	37.138462	5.882168E-5	-2.195917E-5
	125.541000	863.833716	-6.986407	37.139285	5.457447E-5	-2.255254E-5
	126.590000	846.962681	-6.983401	37.133871	5.518121E-5	-2.195917E-5
	127.636000	833.105825	-6.984692	37.141512	5.396773E-5	-2.017908E-5
	128.679000	830.244608	-6.984019	37.139848	5.518121E-5	-2.077245E-5
	129.721000	827.689318	-6.985369	37.136119	5.275426E-5	-2.255254E-5
	130.763000	840.462550	-6.989762	37.134792	5.457447E-5	-2.077245E-5
	131.817000	840.092218	-6.989094	37.140573	5.396773E-5	-2.017908E-5
	132.857000	847.931984	-6.981675	37.141665	5.639469E-5	-2.255254E-5
	133.900000	851.459799	-6.987942	37.142053	5.760818E-5	-2.373925E-5
	134.943000	857.737730	-6.991235	37.141196	5.821493E-5	-2.373925E-5
	135.987000	874.531479	-6.986159	37.141932	5.942843E-5	-2.670602E-5
	137.026000	877.238122	-6.992144	37.140323	6.124869E-5	-2.611267E-5
	138.069000	895.959207	-6.992080	37.140963	6.367572E-5	-2.551932E-5
	139.111000	901.414358	-6.982923	37.144824	6.549602E-5	-2.492596E-5
	140.152000	914.536990	-6.981936	37.141170	6.610278E-5	-2.729937E-5
	141.208000	926.413374	-6.984585	37.138805	7.217054E-5	-2.789271E-5
	142.251000	973.951115	-6.979727	37.143990	8.066566E-5	-3.323277E-5
	143.302000	1064.695324	-6.978429	37.145796	9.887053E-5	-3.916602E-5
	144.366000	1207.271514	-6.967983	37.147545	0.000129	-5.043879E-5
	145.406000	1442.297051	-6.951325	37.148123	0.000178	-6.764354E-5
	146.465000	1855.577851	-6.922572	37.148313	0.000238	-8.603343E-5
	147.506000	2220.802449	-6.906719	37.155589	0.000279	-9.789710E-5
	148.567000	2472.737674	-6.888884	37.159107	0.000311	-0.000108
	149.610000	2693.787215	-6.873837	37.155972	0.000342	-0.000119
	150.676000	2933.907246	-6.855473	37.166435	0.000392	-0.000136
	151.720000	3283.231740	-6.828600	37.169319	0.000436	-0.000148
	152.776000	3555.127874	-6.810673	37.168417	0.000462	-0.000156
	153.820000	3680.483643	-6.795055	37.176261	0.000474	-0.000159
	154.865000	3774.712203	-6.780022	37.175670	0.000482	-0.000161
	155.927000	3831.226476	-6.773765	37.184023	0.000490	-0.000165
	156.992000	3868.050358	-6.768893	37.185888	0.000499	-0.000165
	158.032000	3918.154667	-6.762489	37.185580	0.000504	-0.000169
	159.075000	3984.609939	-6.751479	37.185741	0.000519	-0.000175
	160.119000	4091.259115	-6.738315	37.177103	0.000536	-0.000180
	161.171000	4218.318416	-6.715630	37.185414	0.000556	-0.000186
	162.212000	4335.683071	-6.702279	37.182730	0.000570	-0.000190
	163.257000	4444.180689	-6.682253	37.180932	0.000581	-0.000195
	164.298000	4490.551088	-6.673918	37.188329	0.000587	-0.000195
	165.356000	4554.164468	-6.668383	37.190668	0.000593	-0.000198
	166.396000	4586.911479	-6.659763	37.197482	0.000599	-0.000199
	167.442000	4630.035838	-6.656397	37.199845	0.000606	-0.000202
	168.499000	4654.732153	-6.649630	37.196887	0.000610	-0.000202
	169.546000	4699.569700	-6.642162	37.199416	0.000620	-0.000208
	170.604000	4800.510939	-6.631190	37.192175	0.000660	-0.000222
	171.650000	5150.880465	-6.587858	37.196447	0.000714	-0.000239
	172.705000	5468.853999	-6.539256	37.193576	0.000750	-0.000250
	173.749000	5685.942650	-6.512450	37.198846	0.000771	-0.000255
	174.800000	5832.774482	-6.492683	37.203802	0.000791	-0.000261
	175.843000	5939.765026	-6.475892	37.205686	0.000808	-0.000267
	176.889000	6050.483045	-6.459281	37.213866	0.000816	-0.000269
	177.949000	6125.114619	-6.449443	37.212797	0.000826	-0.000274
	178.994000	6176.540864	-6.444143	37.220714	0.000829	-0.000273
	180.048000	6190.404165	-6.440599	37.212850	0.000834	-0.000275
	181.096000	6204.668390	-6.430270	37.216234	0.000836	-0.000276
	182.149000	6212.310112	-6.429797	37.213012	0.000837	-0.000276
	183.194000	6219.699043	-6.430498	37.210650	0.000835	-0.000275
	184.237000	6232.100337	-6.423647	37.217613	0.000836	-0.000275
	185.279000	6221.122406	-6.424312	37.216318	0.000839	-0.000276
	186.339000	6235.051722	-6.424081	37.214036	0.000839	-0.000278
	187.382000	6239.762990	-6.416845	37.212782	0.000840	-0.000276
	188.425000	6247.804027	-6.419699	37.210887	0.000842	-0.000276
	189.469000	6259.300423	-6.416055	37.216078	0.000846	-0.000279
	190.520000	6285.526375	-6.417426	37.215870	0.000848	-0.000279
	191.573000	6303.382822	-6.412684	37.216793	0.000848	-0.000279
	192.616000	6314.439650	-6.416213	37.213607	0.000851	-0.000279
	193.682000	6327.435086	-6.410605	37.215896	0.000856	-0.000280
	194.727000	6342.782936	-6.413085	37.214112	0.000854	-0.000282
	195.770000	6346.339734	-6.407325	37.215806	0.000858	-0.000282
	196.814000	6365.692001	-6.410947	37.217043	0.000859	-0.000283
	197.871000	6387.026350	-6.408784	37.212222	0.000863	-0.000283
	198.914000	6390.426965	-6.401031	37.220004	0.000865	-0.000283
	199.958000	6415.549971	-6.399069	37.219458	0.000867	-0.000285
	201.012000	6436.929404	-6.401766	37.212220	0.000870	-0.000286
	202.056000	6463.355014	-6.396145	37.213115	0.000874	-0.000288
	203.100000	6481.849077	-6.399850	37.215808	0.000878	-0.000290
	204.141000	6516.320554	-6.394333	37.221694	0.000883	-0.000292
	205.195000	6541.245515	-6.390723	37.220598	0.000888	-0.000292
	206.243000	6573.523983	-6.385513	37.218965	0.000893	-0.000294
	207.303000	6616.529200	-6.378075	37.219348	0.000899	-0.000297
	208.347000	6680.501655	-6.374199	37.218392	0.000910	-0.000301
	209.404000	6775.818698	-6.365293	37.219899	0.001178	-0.000325
	210.448000	6779.992184	-6.221155	37.215439	0.000800	-0.000268
	211.492000	6109.501097	-6.218828	37.216745	0.000855	-0.000284
	212.535000	6402.317845	-6.206613	37.213769	0.000880	-0.000291
	213.583000	6514.855327	-6.202839	37.215812	0.000890	-0.000294
	214.624000	6588.272860	-6.199013	37.210826	0.000898	-0.000297
	215.686000	6625.103193	-6.200030	37.205754	0.000903	-0.000298
	216.730000	6677.645267	-6.197553	37.214115	0.000905	-0.000301
	217.784000	6696.540256	-6.196700	37.216263	0.000909	-0.000302
	218.828000	6703.932406	-6.194190	37.217363	0.000910	-0.000302
	219.886000	6740.123513	-6.187301	37.214241	0.000917	-0.000304
	220.925000	6764.610517	-6.191817	37.219292	0.000922	-0.000303
	221.977000	6797.227115	-6.190988	37.217062	0.000926	-0.000307
	223.022000	6840.605886	-6.190984	37.212637	0.000931	-0.000308
	224.065000	6870.470756	-6.185495	37.220902	0.000940	-0.000310
	225.111000	6937.727898	-6.182606	37.214447	0.000948	-0.000313
	226.156000	7007.429233	-6.183445	37.216484	0.000963	-0.000321
	227.201000	7142.246227	-6.170383	37.217957	0.000994	-0.000330
	228.243000	7358.267400	-6.164599	37.221273	0.001029	-0.000340
	229.286000	7614.099286	-6.151224	37.221334	0.001066	-0.000353
	230.347000	7836.134345	-6.141258	37.224459	0.001094	-0.000362
	231.390000	8018.622767	-6.134300	37.232307	0.001121	-0.000368
	232.445000	8232.397823	-6.126937	37.226887	0.001164	-0.000385
	233.490000	8555.998926	-6.105126	37.235957	0.001212	-0.000398
	234.533000	8815.962479	-6.091557	37.237286	0.001239	-0.000406
	235.586000	8990.475906	-6.076612	37.244586	0.001252	-0.000410
	236.632000	9062.486204	-6.073883	37.244578	0.001261	-0.000412
	237.676000	9116.160226	-6.069118	37.257189	0.001268	-0.000414
	238.719000	9155.579678	-6.067720	37.250358	0.001278	-0.000419
	239.759000	9271.736803	-6.055833	37.255612	0.001314	-0.000433
	240.805000	9626.854850	-6.027806	37.250466	0.001385	-0.000453
	241.850000	10021.181451	-5.987984	37.259414	0.001422	-0.000464
	242.894000	10247.372376	-5.962667	37.262710	0.001446	-0.000471
	243.940000	10388.609074	-5.941161	37.265072	0.001464	-0.000477
	244.982000	10475.051081	-5.938060	37.269682	0.001471	-0.000479
	246.026000	10525.549921	-5.926146	37.268151	0.001480	-0.000483
	247.081000	10581.697134	-5.922028	37.270750	0.001484	-0.000485
	248.122000	10613.408854	-5.910347	37.278607	0.001494	-0.000486
	249.166000	10662.376451	-5.907059	37.272514	0.001498	-0.000486
	250.209000	10684.174536	-5.903346	37.266516	0.001499	-0.000488
	251.254000	10699.924931	-5.901610	37.272348	0.001501	-0.000488
	252.297000	10716.353197	-5.900296	37.272764	0.001506	-0.000489
	253.340000	10733.791021	-5.892528	37.271872	0.001508	-0.000491
	254.392000	10762.007126	-5.895202	37.274455	0.001511	-0.000491
	255.436000	10778.585134	-5.887287	37.273730	0.001511	-0.000491
	256.493000	10790.274756	-5.886115	37.271988	0.001515	-0.000494
	257.537000	10795.663896	-5.882601	37.276384	0.001515	-0.000493
	258.589000	10825.240571	-5.887148	37.271985	0.001522	-0.000495
	259.636000	10842.736360	-5.880420	37.270917	0.001523	-0.000494
	260.688000	10856.219678	-5.881194	37.275471	0.001527	-0.000496
	261.734000	10889.676792	-5.874815	37.276068	0.001529	-0.000497
	262.777000	10912.289609	-5.876743	37.278501	0.001532	-0.000498
	263.826000	10924.602355	-5.875520	37.272031	0.001537	-0.000500
	264.871000	10956.006540	-5.873398	37.276203	0.001538	-0.000500
	265.918000	10948.731925	-5.870162	37.274527	0.001544	-0.000503
	266.960000	11024.191171	-5.862401	37.273923	0.001911	-0.000616
	268.003000	12900.374304	-5.680318	37.273986	0.001496	-0.000474
	269.046000	10335.620958	-5.757821	37.273298	0.001448	-0.000470
	270.088000	10364.695266	-5.753635	37.274984	0.001457	-0.000472
	271.128000	10384.867107	-5.749076	37.273361	0.001458	-0.000474
	272.179000	10414.413187	-5.753134	37.268107	0.001462	-0.000475
	273.222000	10441.371770	-5.749677	37.258140	0.001466	-0.000476
	274.276000	10487.484587	-5.744760	37.262085	0.001476	-0.000480
	275.317000	10544.391786	-5.747642	37.258390	0.001486	-0.000483
	276.361000	10618.005805	-5.743116	37.260546	0.001501	-0.000487
	277.405000	10739.478037	-5.731019	37.266413	0.001519	-0.000494
	278.448000	10880.242978	-5.728741	37.270951	0.001548	-0.000504
	279.503000	11072.931743	-5.719694	37.264951	0.001577	-0.000513
	280.545000	11268.869780	-5.714226	37.266550	0.001603	-0.000520
	281.589000	11417.489005	-5.705130	37.267887	0.001625	-0.000529
	282.645000	11585.941950	-5.697426	37.271461	0.001659	-0.000538
	283.690000	11816.006949	-5.684064	37.277329	0.001694	-0.000549
	284.735000	12042.048217	-5.676637	37.275432	0.001719	-0.000558
	285.779000	12218.245966	-5.669047	37.276200	0.001741	-0.000564
	286.823000	12384.278900	-5.660942	37.271461	0.001778	-0.000576
	287.868000	12695.187530	-5.644388	37.281515	0.001846	-0.000600
	288.918000	13121.095714	-5.624633	37.287674	0.001882	-0.000612
	289.964000	13319.276773	-5.613959	37.293039	0.001901	-0.000617
	291.008000	13423.169554	-5.613634	37.296077	0.001910	-0.000618
	292.053000	13478.888507	-5.602157	37.297048	0.001919	-0.000621
	293.099000	13520.528382	-5.599438	37.300509	0.001922	-0.000620
	294.139000	13560.445406	-5.595947	37.299686	0.001926	-0.000624
	295.180000	13601.608680	-5.593251	37.301409	0.001939	-0.000629
	296.224000	13708.439977	-5.583802	37.299591	0.001971	-0.000641
	297.267000	14003.034755	-5.557800	37.301544	0.002250	-0.000760
	298.313000	16796.095968	-5.320070	37.307935	0.002060	-0.000639
	299.360000	13663.359229	-5.462133	37.306093	0.001806	-0.000578
	300.409000	12565.015651	-5.498914	37.298203	0.001754	-0.000568
	301.451000	12403.027385	-5.504605	37.295552	0.001755	-0.000568
	302.493000	12411.982991	-5.498284	37.290902	0.001755	-0.000569
	303.538000	12421.444181	-5.503370	37.278907	0.001759	-0.000571
	304.581000	12439.559880	-5.497113	37.270590	0.001768	-0.000574
	305.627000	12549.365078	-5.491919	37.277016	0.001813	-0.000589
	306.672000	12852.171489	-5.485269	37.269363	0.001841	-0.000598
	307.714000	13014.390023	-5.476333	37.275619	0.001855	-0.000602
	308.756000	13103.245684	-5.476320	37.280250	0.001865	-0.000606
	309.809000	13180.331212	-5.471659	37.278781	0.001881	-0.000611
	310.853000	13308.255353	-5.462935	37.283558	0.001920	-0.000624
	311.904000	13607.738490	-5.448632	37.282162	0.001959	-0.000636
	312.948000	13820.206363	-5.447106	37.288820	0.001978	-0.000641
	313.990000	13938.857718	-5.433276	37.296915	0.001996	-0.000648
	315.034000	14066.356808	-5.431994	37.297797	0.002041	-0.000670
	316.077000	15125.055940	-5.272399	37.299961	0.002531	-0.000787
	317.122000	16823.455521	-5.249942	37.313419	0.002292	-0.000731
	318.176000	15744.208860	-5.287946	37.317845	0.002229	-0.000715
	319.225000	15456.878899	-5.298862	37.319839	0.002207	-0.000709
	320.271000	15362.978604	-5.296605	37.325271	0.002199	-0.000708
	321.318000	15310.447704	-5.302172	37.323035	0.002196	-0.000706
	322.361000	15303.736630	-5.298837	37.318198	0.002192	-0.000706
	323.408000	15277.502577	-5.303826	37.316077	0.002191	-0.000706
	324.454000	15264.850078	-5.303793	37.319605	0.002190	-0.000705
	325.498000	15271.004042	-5.298664	37.314662	0.002190	-0.000705
	326.542000	15273.849164	-5.301262	37.320479	0.002190	-0.000705
	327.584000	15265.676081	-5.298400	37.307964	0.002191	-0.000705
	328.626000	15270.917094	-5.302125	37.322094	0.002191	-0.000706
	329.668000	15264.635929	-5.298203	37.319476	0.002192	-0.000705
	330.714000	15268.445526	-5.303876	37.320887	0.002190	-0.000707
	331.755000	15278.636118	-5.303770	37.310163	0.002192	-0.000707
	332.799000	15290.047198	-5.298936	37.311551	0.002193	-0.000706
	333.845000	15292.953505	-5.294921	37.311171	0.002200	-0.000711
	334.888000	15398.804276	-5.253499	37.311860	0.002822	-0.000874
	335.931000	18516.194815	-5.112521	37.324105	0.002546	-0.000809
	336.979000	17328.826406	-5.149988	37.332997	0.002478	-0.000793
	338.022000	17032.791866	-5.163928	37.339478	0.002459	-0.000788
	339.068000	16932.806793	-5.167407	37.338041	0.002454	-0.000784
	340.112000	16906.767554	-5.167355	37.340954	0.002449	-0.000785
	341.164000	16886.666525	-5.164255	37.341246	0.002449	-0.000785
	342.206000	16884.618423	-5.165469	37.342247	0.002448	-0.000786
	343.250000	16879.131054	-5.168439	37.336027	0.002448	-0.000786
	344.295000	16881.702453	-5.165782	37.343427	0.002449	-0.000785
	345.340000	16881.351442	-5.165567	37.336376	0.002447	-0.000786
	346.382000	16894.602921	-5.164964	37.338354	0.002449	-0.000786
	347.433000	16896.369248	-5.168015	37.341362	0.002449	-0.000786
	348.479000	16899.291659	-5.168108	37.341202	0.002450	-0.000786
	349.524000	16908.405070	-5.164235	37.336909	0.002451	-0.000787
	350.568000	16920.453773	-5.166763	37.345913	0.002462	-0.000793
	351.612000	17138.657186	-5.105493	37.340450	0.003110	-0.000969
	352.653000	20345.861889	-4.957166	37.351597	0.002892	-0.000917
	353.697000	19414.257729	-4.987768	37.361115	0.002837	-0.000903
	354.739000	19144.735613	-4.992258	37.371861	0.002817	-0.000899
	355.795000	19058.790926	-4.997623	37.377463	0.002808	-0.000897
	356.835000	19023.218003	-5.001309	37.378131	0.002806	-0.000896
	357.879000	19012.240039	-4.997195	37.374051	0.002808	-0.000897
	358.922000	19013.933910	-4.997261	37.369894	0.002804	-0.000896
	359.965000	19006.248691	-4.999099	37.374161	0.002807	-0.000897
	361.021000	19016.861153	-5.000720	37.369319	0.002808	-0.000894
	362.064000	19010.293374	-5.003214	37.371890	0.002806	-0.000896
	363.107000	19019.199082	-4.998880	37.372426	0.002808	-0.000896
	364.151000	19003.070265	-4.998983	37.373877	0.002807	-0.000896
	365.195000	19017.907748	-4.996031	37.371447	0.002809	-0.000896
	366.241000	19006.023271	-4.994539	37.373227	0.002809	-0.000896
	367.284000	19012.463848	-4.999718	37.371071	0.002809	-0.000896
	368.329000	19024.903824	-4.997588	37.369317	0.002808	-0.000896
	369.373000	19018.648413	-4.993297	37.367874	0.002811	-0.000896
	370.417000	19021.673875	-4.993556	37.368493	0.002811	-0.000898
	371.463000	19028.863171	-4.996893	37.365462	0.002812	-0.000896
	372.505000	19037.240753	-4.993215	37.375210	0.002816	-0.000898
	373.547000	19084.097569	-4.991666	37.368264	0.002833	-0.000908
	374.590000	19247.053864	-4.984107	37.373743	0.002897	-0.000927
	375.635000	19742.559825	-4.957391	37.372888	0.002967	-0.000946
	376.688000	20115.118411	-4.951019	37.375885	0.003001	-0.000956
	377.732000	20297.394903	-4.939894	37.374872	0.003019	-0.000963
	378.775000	20423.517589	-4.931129	37.387406	0.003070	-0.001041
	379.827000	22785.806524	-4.683934	37.391534	0.003638	-0.001141
	380.871000	21885.457571	-4.736425	37.404267	0.003475	-0.001101
	381.917000	21164.015507	-4.759634	37.414281	0.003428	-0.001090
	382.959000	20961.748993	-4.767401	37.416706	0.003415	-0.001086
	384.003000	20897.972732	-4.768159	37.424586	0.003410	-0.001085
	385.048000	20876.456354	-4.768020	37.419826	0.003410	-0.001086
	386.090000	20858.619162	-4.768958	37.415292	0.003410	-0.001086
	387.133000	20877.900656	-4.767773	37.417711	0.003409	-0.001086
	388.176000	20879.404531	-4.767808	37.423399	0.003410	-0.001087
	389.242000	20871.711256	-4.765664	37.419364	0.003409	-0.001084
	390.287000	20865.207877	-4.767603	37.417271	0.003412	-0.001086
	391.340000	20868.590793	-4.766244	37.415881	0.003409	-0.001085
	392.384000	20870.455342	-4.769993	37.419266	0.003410	-0.001086
	393.428000	20869.299257	-4.769433	37.418812	0.003411	-0.001085
	394.474000	20871.300668	-4.768576	37.417925	0.003412	-0.001085
	395.518000	20883.661756	-4.767495	37.420374	0.003409	-0.001083
	396.562000	20884.317086	-4.766337	37.422562	0.003410	-0.001086
	397.612000	20894.739559	-4.764224	37.420784	0.003412	-0.001086
	398.656000	20896.475296	-4.768527	37.417281	0.003417	-0.001086
	399.697000	20918.510139	-4.770154	37.418028	0.003434	-0.001095
	400.742000	21195.374709	-4.747037	37.421126	0.003609	-0.001156
	401.792000	22465.739894	-4.691194	37.427478	0.003725	-0.001182
	402.833000	22966.365164	-4.674359	37.428148	0.003765	-0.001195
	403.876000	23151.915301	-4.660205	37.435271	0.003782	-0.001190
	404.922000	23236.372357	-4.648862	37.443315	0.003796	-0.001193
	405.965000	23280.706153	-4.644478	37.447904	0.003806	-0.001195
	407.010000	23320.071035	-4.636472	37.442871	0.003813	-0.001199
	408.053000	23348.153615	-4.633627	37.445972	0.003821	-0.001200
	409.095000	23365.887778	-4.632635	37.451627	0.003827	-0.001202
	410.141000	23391.543867	-4.630228	37.452221	0.003833	-0.001205
	411.183000	23415.799128	-4.628650	37.456238	0.003840	-0.001206
	412.231000	23448.390122	-4.624875	37.453326	0.003849	-0.001209
	413.279000	23463.114920	-4.618284	37.451353	0.003856	-0.001212
	414.322000	23498.251559	-4.617288	37.454731	0.003869	-0.001216
	415.366000	23559.084542	-4.611283	37.457982	0.003882	-0.001220
	416.418000	23621.263610	-4.608437	37.452694	0.003904	-0.001228
	417.460000	23797.006394	-4.595704	37.453018	0.003978	-0.001255
	418.504000	24098.752925	-4.572818	37.450701	0.004067	-0.001287
	419.568000	24188.692570	-4.556922	37.454686	0.004145	-0.001315
	420.612000	24244.427845	-4.539979	37.465722	0.004213	-0.001338
	421.657000	24304.591027	-4.527404	37.466238	0.004275	-0.001362
	422.702000	24340.043267	-4.513862	37.468664	0.004326	-0.001381
	423.744000	24373.940106	-4.508024	37.478153	0.004378	-0.001399
	424.788000	24403.850218	-4.497323	37.480207	0.004426	-0.001416
	425.832000	24424.340963	-4.485941	37.477021	0.004469	-0.001432
	426.876000	24438.642299	-4.484936	37.483255	0.004509	-0.001447
	427.919000	24466.802182	-4.472985	37.484574	0.004553	-0.001462
	428.961000	24483.972802	-4.468835	37.483080	0.004591	-0.001476
	430.006000	24499.412514	-4.458964	37.490738	0.004628	-0.001491
	431.051000	24533.848754	-4.448632	37.489833	0.004662	-0.001504
	432.095000	24523.538975	-4.448350	37.492251	0.004697	-0.001517
	433.139000	24545.032845	-4.440545	37.492567	0.004738	-0.001532
	434.183000	24592.598234	-4.435571	37.499877	0.004780	-0.001547
	435.226000	24620.851506	-4.428513	37.502036	0.004837	-0.001567
	436.270000	24721.173411	-4.408892	37.504485	0.004919	-0.001601
	437.313000	24828.359383	-4.396705	37.511609	0.005033	-0.001644
	438.355000	24864.233492	-4.379851	37.510966	0.005161	-0.001689
	439.405000	24855.762500	-4.367742	37.521376	0.005283	-0.001732
	440.447000	24882.777573	-4.349178	37.535241	0.005402	-0.001772
	441.490000	24887.047686	-4.336856	37.544656	0.005513	-0.001809
	442.536000	24898.452368	-4.322030	37.564438	0.005618	-0.001847
	443.580000	24909.555952	-4.300166	37.568042	0.005717	-0.001879
	444.643000	24925.364390	-4.289250	37.580206	0.005813	-0.001911
	445.686000	24931.695496	-4.283188	37.590780	0.005900	-0.001940
	446.730000	24948.719595	-4.271360	37.596095	0.005983	-0.001970
	447.776000	24954.622400	-4.259027	37.603555	0.006065	-0.001995
	448.819000	24959.557506	-4.251177	37.608716	0.006136	-0.002019
	449.866000	24973.282413	-4.242358	37.619810	0.006205	-0.002044
	450.909000	24966.368434	-4.227282	37.621779	0.006272	-0.002065
	451.952000	24966.366823	-4.221250	37.629891	0.006337	-0.002087
	452.996000	24989.736521	-4.212032	37.638211	0.006396	-0.002107
	454.039000	24998.315392	-4.204827	37.644345	0.006457	-0.002127
	455.079000	24992.362673	-4.197497	37.652306	0.006514	-0.002146
	456.132000	25017.336079	-4.188279	37.664460	0.006573	-0.002164
	457.184000	25027.062986	-4.181949	37.662579	0.006628	-0.002184
	458.228000	25025.559108	-4.176518	37.671821	0.006684	-0.002202
	459.287000	25037.537003	-4.168616	37.671290	0.006737	-0.002219
	460.331000	25044.505727	-4.164011	37.683427	0.006788	-0.002238
	461.373000	25043.290064	-4.154573	37.671847	0.006837	-0.002255
	462.430000	25037.673866	-4.144867	37.679875	0.006886	-0.002271
	463.473000	25059.056640	-4.142107	37.677257	0.006933	-0.002286
	464.516000	25080.912798	-4.138689	37.680117	0.006990	-0.002304
	465.560000	25092.005113	-4.127863	37.678748	0.007049	-0.002323
	466.602000	25138.000620	-4.123008	37.685083	0.007098	-0.002339
	467.662000	25088.340414	-4.112815	37.690902	0.007135	-0.002352
	468.705000	25073.354760	-4.107828	37.693961	0.007177	-0.002363
	469.748000	25065.606725	-4.103816	37.696082	0.007217	-0.002377
	470.807000	25072.256639	-4.098624	37.703902	0.007254	-0.002390
	471.850000	25075.608969	-4.093924	37.706696	0.007295	-0.002403
	472.894000	25073.918313	-4.090764	37.709916	0.007330	-0.002415
	473.935000	25094.904990	-4.088656	37.721271	0.007375	-0.002429
	474.981000	25124.447999	-4.080299	37.719166	0.007419	-0.002450
	476.026000	25146.653559	-4.075190	37.731563	0.007463	-0.002464
	477.073000	25160.864733	-4.068497	37.730054	0.007508	-0.002477
	478.117000	25166.720844	-4.064728	37.733331	0.007552	-0.002492
	479.160000	25176.019452	-4.055373	37.737646	0.007595	-0.002506
	480.205000	25183.353681	-4.051268	37.740612	0.007642	-0.002521
	481.248000	25200.582271	-4.043161	37.755482	0.007685	-0.002538
	482.295000	25205.708985	-4.041741	37.752582	0.007734	-0.002552
	483.364000	25204.796031	-4.034500	37.758648	0.007781	-0.002568
	484.406000	25221.984369	-4.028060	37.755835	0.007826	-0.002582
	485.451000	25221.137431	-4.020323	37.764890	0.007870	-0.002596
	486.496000	25214.271758	-4.019714	37.766046	0.007916	-0.002611
	487.539000	25229.399104	-4.008655	37.771191	0.007960	-0.002626
	488.584000	25237.007058	-4.004983	37.770787	0.008011	-0.002642
	489.628000	25268.583687	-4.000347	37.774762	0.008070	-0.002660
	490.675000	25299.571001	-3.990025	37.773886	0.008148	-0.002698
	491.720000	25568.683249	-3.900778	37.789229	0.006920	-0.003393
	492.764000	21443.952278	-3.851881	37.837042	0.006492	-0.003335
	493.808000	20720.288331	-3.848865	37.868586	0.006523	-0.003345
	494.853000	20881.660347	-3.843482	37.900533	0.006541	-0.003350
	495.898000	20969.717604	-3.838298	37.944301	0.006549	-0.003354
	496.951000	21014.178558	-3.840890	37.965772	0.006555	-0.003356
	497.992000	21040.818420	-3.835177	37.970798	0.006560	-0.003359
	499.046000	21069.429101	-3.834062	37.970136	0.006563	-0.003360
	500.092000	21091.518692	-3.835024	37.970693	0.006569	-0.003361
	501.135000	21117.327718	-3.834263	37.970719	0.006570	-0.003363
	502.187000	21138.398087	-3.836058	37.966919	0.006575	-0.003366
	503.228000	21159.482947	-3.829476	37.973662	0.006578	-0.003368
	504.280000	21184.271142	-3.829072	37.974229	0.006581	-0.003370
	505.323000	21201.997239	-3.831622	37.968877	0.006588	-0.003372
	506.367000	21258.033536	-3.829198	37.973387	0.006599	-0.003376
	507.413000	21322.481238	-3.820919	37.967345	0.006614	-0.003382
	508.467000	21443.332356	-3.821999	37.970538	0.006646	-0.003394
	509.510000	21655.388600	-3.808439	37.971366	0.006691	-0.003407
	510.553000	21958.307031	-3.796604	37.967271	0.006736	-0.003419
	511.596000	22206.210014	-3.783735	37.976861	0.006765	-0.003430
	512.638000	22371.937576	-3.781776	37.980394	0.006800	-0.003441
	513.682000	22584.958381	-3.772107	37.976031	0.006831	-0.003449
	514.726000	22771.352206	-3.758931	37.984366	0.006867	-0.003464
	515.769000	23071.395062	-3.746758	37.986337	0.005793	-0.003135
	516.813000	23608.356667	-3.721541	37.986907	0.005857	-0.003155
	517.857000	23918.134589	-3.708057	37.996283	0.005893	-0.003164
	518.909000	24074.355963	-3.705303	38.002883	0.005916	-0.003170
	519.949000	24169.472234	-3.699295	38.003685	0.005931	-0.003176
	520.995000	24220.151643	-3.694008	38.011665	0.005946	-0.003179
	522.036000	24260.360260	-3.696530	38.007759	0.005958	-0.003184
	523.080000	24315.973163	-3.691683	38.008776	0.005982	-0.003198
	524.125000	25605.067873	-3.435793	38.030874	0.005667	-0.003114
	525.167000	22779.393282	-3.543994	38.054602	0.005400	-0.003053
	526.214000	21667.429273	-3.583183	38.083994	0.005333	-0.003039
	527.256000	21411.842730	-3.586967	38.108112	0.005320	-0.003036
	528.299000	21371.550436	-3.589373	38.133255	0.005317	-0.003038
	529.344000	21355.590669	-3.589705	38.138496	0.005315	-0.003038
	530.387000	21363.625298	-3.588101	38.139448	0.005315	-0.003037
	531.436000	21370.064271	-3.590917	38.136189	0.005316	-0.003037
	532.479000	21374.804541	-3.590303	38.140613	0.005316	-0.003038
	533.522000	21377.197219	-3.593465	38.137997	0.005317	-0.003041
	534.565000	21396.055249	-3.588369	38.137140	0.005523	-0.003205
	535.623000	25672.861538	-3.367334	38.153644	0.005987	-0.003232
	536.664000	24753.010875	-3.415474	38.160913	0.005872	-0.003205
	537.716000	24237.254635	-3.431489	38.174884	0.005837	-0.003197
	538.760000	24057.272294	-3.433437	38.194691	0.005824	-0.003194
	539.807000	23974.847216	-3.440896	38.196000	0.005818	-0.003193
	540.849000	23937.139163	-3.438396	38.201004	0.005815	-0.003193
	541.900000	23927.884033	-3.441465	38.201386	0.005813	-0.003194
	542.941000	23905.947380	-3.440696	38.200539	0.005815	-0.003194
	543.994000	23899.199251	-3.435733	38.202809	0.005816	-0.003194
	545.040000	23902.161923	-3.443417	38.199948	0.005816	-0.003195
	546.084000	23885.928413	-3.441472	38.199553	0.005817	-0.003195
	547.128000	23884.951053	-3.441062	38.202547	0.005817	-0.003194
	548.172000	23873.127738	-3.440460	38.199407	0.005818	-0.003197
	549.216000	23878.249619	-3.439510	38.200833	0.005821	-0.003197
	550.271000	23862.028990	-3.438947	38.206285	0.005819	-0.003197
	551.319000	23862.693981	-3.440687	38.201833	0.005823	-0.003199
	552.361000	23868.994488	-3.437825	38.201178	0.005822	-0.003197
	553.404000	23850.588890	-3.438274	38.206082	0.005823	-0.003198
	554.450000	23855.532043	-3.436722	38.204762	0.005824	-0.003198
	555.495000	23854.408160	-3.431159	38.202105	0.005827	-0.003199
	556.540000	23864.199469	-3.437485	38.205192	0.005826	-0.003201
	557.587000	23862.550677	-3.438681	38.204873	0.005828	-0.003203
	558.628000	23865.663093	-3.439213	38.195019	0.005831	-0.003203
	559.673000	23874.414246	-3.435273	38.195885	0.005838	-0.003205
	560.717000	23920.924975	-3.432235	38.195518	0.005849	-0.003209
	561.761000	24005.130876	-3.423735	38.195613	0.005871	-0.003218
	562.805000	24184.771860	-3.421202	38.198114	0.005943	-0.003246
	563.847000	24858.915173	-3.380082	38.196634	0.006147	-0.003309
	564.900000	25896.305137	-3.335154	38.214885	0.006210	-0.003344
	565.947000	26131.238819	-3.309669	38.216302	0.005299	-0.003018
	566.991000	26054.326808	-3.283077	38.220105	0.005377	-0.003031
	568.036000	25958.741898	-3.247103	38.239160	0.005456	-0.003049
	569.079000	25916.588187	-3.212959	38.261902	0.005542	-0.003070
	570.124000	25911.598334	-3.186422	38.282906	0.005618	-0.003092
	571.170000	25852.573480	-3.167998	38.311782	0.005303	-0.003054
	572.214000	25817.691206	-3.144167	38.339025	0.005372	-0.003075
	573.258000	25831.561031	-3.129939	38.356596	0.005456	-0.003101
	574.301000	25881.371002	-3.108028	38.376027	0.005552	-0.002952
	575.351000	25930.825128	-3.088325	38.401619	0.005209	-0.002986
	576.393000	25958.624357	-3.069195	38.414850	0.005339	-0.003029
	577.450000	25981.614070	-3.049290	38.418403	0.005206	-0.003040
	578.494000	26025.648436	-3.023970	38.442314	0.005382	-0.003098
	579.537000	26031.163198	-2.993078	38.456257	0.004890	-0.002934
	580.579000	26053.787407	-2.964014	38.471266	0.005067	-0.003004
	581.623000	26071.750235	-2.935176	38.494366	0.005416	-0.003133
	582.667000	26085.124136	-2.901682	38.513179	0.005084	-0.003056
	583.720000	26138.094836	-2.851996	38.531701	0.005069	-0.003246
	584.760000	26206.352295	-2.771027	38.564802	0.004919	-0.003227
	585.802000	26158.519582	-2.684630	38.602252	0.004849	-0.003115
	586.845000	26170.120710	-2.599460	38.661633	0.005283	-0.002893
	587.888000	26195.105400	-2.522571	38.709371	0.005245	-0.002819
	588.935000	26214.093894	-2.451664	38.765706	0.004977	-0.002985
	590.007000	26212.116630	-2.388521	38.825787	0.004474	-0.002784
	591.047000	26219.553912	-2.335805	38.877374	0.004778	-0.002877
	592.089000	26232.021301	-2.280799	38.915423	0.005021	-0.002958
	593.132000	26261.187550	-2.235496	38.953872	0.004344	-0.002705
	594.176000	26268.101533	-2.192065	38.991874	0.004540	-0.002770
	595.219000	26274.387557	-2.156603	39.021464	0.004720	-0.002829
	596.260000	26289.056021	-2.124812	39.044141	0.004873	-0.002882
	597.302000	26298.171078	-2.090392	39.071384	0.005001	-0.002934
	598.346000	26332.916498	-2.055861	39.095995	0.004272	-0.002659
	599.391000	26343.797888	-2.024638	39.118341	0.004419	-0.002709
	600.436000	26360.136079	-1.993241	39.141464	0.004558	-0.002760
	601.480000	26369.516810	-1.959330	39.172779	0.004691	-0.002807
	602.526000	26379.126184	-1.926091	39.194073	0.004812	-0.002851
	603.570000	26392.572543	-1.898515	39.210542	0.004911	-0.002894
	604.613000	26401.685991	-1.861522	39.234361	0.004172	-0.002609
	605.655000	26402.495897	-1.828495	39.249345	0.004295	-0.002654
	606.696000	26425.123330	-1.797888	39.273406	0.004417	-0.002696
	607.737000	26448.402877	-1.767086	39.300402	0.004537	-0.002739
	608.784000	26463.435235	-1.737670	39.317540	0.004656	-0.002781
	609.831000	26489.959232	-1.699574	39.336629	0.004761	-0.002828
	610.875000	26529.588241	-1.662814	39.367335	0.004812	-0.002774
	611.924000	26566.634568	-1.630389	39.390421	0.004677	-0.002822
	612.986000	26561.633443	-1.591138	39.411308	0.004133	-0.002584
	614.028000	26576.446822	-1.552266	39.430492	0.004284	-0.002634
	615.092000	26596.345054	-1.513841	39.458530	0.004438	-0.002689
	616.137000	26615.666853	-1.475424	39.475742	0.004448	-0.002719
	617.194000	26620.320187	-1.432600	39.497450	0.004133	-0.002592
	618.235000	26645.304883	-1.391184	39.524725	0.004316	-0.002655
	619.280000	26647.749090	-1.349938	39.544350	0.004495	-0.002720
	620.324000	26664.074400	-1.304500	39.557848	0.004482	-0.002741
	621.370000	26672.666161	-1.258698	39.590600	0.004088	-0.002553
	622.415000	26691.171614	-1.215779	39.615379	0.004312	-0.002632
	623.461000	26694.140731	-1.168300	39.650986	0.004416	-0.002697
	624.506000	26698.959911	-1.120357	39.684181	0.004008	-0.002501
	625.551000	26694.113360	-1.076581	39.713269	0.004288	-0.002601
	626.595000	26716.016228	-1.026313	39.746599	0.004374	-0.002669
	627.652000	26714.018034	-0.977131	39.778548	0.004199	-0.002570
	628.696000	26726.879911	-0.929350	39.806191	0.004339	-0.002460
	629.737000	26723.865710	-0.881701	39.840245	0.004294	-0.002578
	630.779000	26725.126458	-0.836326	39.883321	0.003909	-0.002462
	631.822000	26727.995746	-0.784820	39.920162	0.004304	-0.002425
	632.866000	26739.801366	-0.733637	39.961992	0.004224	-0.002601
	633.913000	26752.363755	-0.684739	40.000709	0.004149	-0.002564
	634.960000	26752.299351	-0.643061	40.035374	0.004106	-0.002542
	636.002000	26762.512531	-0.594750	40.072706	0.004103	-0.002539
	637.048000	26769.494143	-0.545821	40.103862	0.004101	-0.002296
	638.092000	26776.905662	-0.494535	40.129129	0.003859	-0.002303
	639.136000	26779.715374	-0.457082	40.165364	0.003376	-0.002292
	640.178000	26785.191495	-0.415304	40.188777	0.003386	-0.002289
	641.221000	26812.163119	-0.370771	40.222047	0.003454	-0.002309
	642.261000	26823.012311	-0.324372	40.254995	0.003572	-0.002373
	643.304000	26827.578696	-0.281610	40.286094	0.003563	-0.002369
	644.348000	26836.701806	-0.233258	40.320379	0.003567	-0.002167
	645.395000	26845.559242	-0.189532	40.357539	0.003553	-0.002213
	646.439000	26852.006282	-0.153261	40.388367	0.003434	-0.002287
	647.482000	26850.299524	-0.105994	40.425093	0.003399	-0.002264
	648.524000	26863.702414	-0.060772	40.459799	0.003208	-0.002170
	649.567000	26866.655429	-0.019577	40.478541	0.003194	-0.002110
	650.612000	26889.881843	0.022448	40.512807	0.003012	-0.002081
	651.655000	26883.122434	0.061457	40.541874	0.003353	-0.002222
	652.697000	26887.089845	0.100390	40.585271	0.003158	-0.002135
	653.740000	26890.827002	0.149385	40.621288	0.003065	-0.002080
	654.784000	26906.150803	0.186932	40.653028	0.003287	-0.002064
	655.835000	26925.802684	0.229449	40.698927	0.003145	-0.002090
	656.880000	26917.848542	0.275156	40.729891	0.002972	-0.002018
	657.930000	26906.149192	0.314440	40.763667	0.003221	-0.002045
	658.972000	26923.960673	0.358649	40.797468	0.003114	-0.002070
	660.015000	26941.739951	0.401720	40.832864	0.002962	-0.002000
	661.058000	26942.136048	0.443788	40.860493	0.003012	-0.002024
	662.100000	26942.137658	0.489909	40.895234	0.003096	-0.002053
	663.144000	26957.265019	0.534925	40.923545	0.002891	-0.001967
	664.186000	26961.531916	0.578479	40.958344	0.003075	-0.001948
	665.230000	26952.635837	0.626714	41.000397	0.002920	-0.001954
	666.275000	26959.247114	0.668885	41.027445	0.002863	-0.001940
	667.321000	26960.164900	0.715018	41.062759	0.002972	-0.001983
	668.364000	26961.512596	0.763596	41.093820	0.002759	-0.001882
	669.409000	26956.653162	0.811594	41.131291	0.002951	-0.001989
	670.451000	26955.120298	0.862218	41.165651	0.002866	-0.001916
	671.493000	26976.771989	0.908660	41.200929	0.002731	-0.001855
	672.537000	26981.708711	0.961850	41.235288	0.002893	-0.001951
	673.594000	26969.610041	1.012045	41.271148	0.002833	-0.001890
	674.635000	26955.920544	1.062299	41.307605	0.002763	-0.001812
	675.697000	26956.517910	1.116853	41.351632	0.002832	-0.001912
	676.742000	26964.860099	1.165214	41.393215	0.002747	-0.001839
	677.800000	26949.235201	1.212735	41.429464	0.002799	-0.001895
	678.846000	26954.576068	1.266336	41.474872	0.002680	-0.001808
	679.890000	26947.636321	1.307611	41.514143	0.002764	-0.001869
	680.932000	26949.821295	1.356125	41.557794	0.002746	-0.001704
	681.980000	26955.656479	1.408873	41.597108	0.002692	-0.001810
	683.022000	26955.352161	1.453372	41.633190	0.002695	-0.001840
	684.066000	26940.719116	1.496421	41.670086	0.002590	-0.001746
	685.111000	26950.901706	1.544129	41.709575	0.002660	-0.001801
	686.158000	26941.086230	1.590306	41.747907	0.002455	-0.001676
	687.201000	26940.493696	1.639444	41.779543	0.002623	-0.001767
	688.244000	26948.460719	1.676586	41.820012	0.002616	-0.001624
	689.290000	26949.417147	1.726448	41.856424	0.002580	-0.001730
	690.344000	26928.171216	1.765593	41.894512	0.002585	-0.001755
	691.389000	26914.248247	1.805090	41.928691	0.002387	-0.001556
	692.444000	26929.517302	1.847772	41.974187	0.002322	-0.001497
	693.485000	26916.061276	1.881728	42.010686	0.002390	-0.001446
	694.537000	26918.532857	1.923439	42.049116	0.002358	-0.001507
	695.578000	26923.533982	1.962671	42.076263	0.002332	-0.001501
	696.624000	26940.567763	1.998879	42.108708	0.002296	-0.001465
	697.666000	26931.491345	2.038130	42.139879	0.002312	-0.001465
	698.715000	26948.063012	2.077288	42.173628	0.002164	-0.001369
	699.757000	26941.271397	2.113982	42.205089	0.001874	-0.001080
	700.813000	26936.125357	2.155220	42.229496	0.001884	-0.001037
	701.856000	26942.276132	2.194162	42.262202	0.001886	-0.000958
	702.899000	26934.449192	2.229502	42.292964	0.001898	-0.000945
	703.945000	26935.727651	2.273711	42.339403	0.001899	-0.000933
	704.990000	26936.477979	2.312495	42.370906	0.001903	-0.000920
	706.032000	26931.674904	2.352827	42.403157	0.001904	-0.000915
	707.074000	26933.832503	2.399813	42.439959	0.001904	-0.000908
	708.120000	26920.270208	2.437881	42.473469	0.001900	-0.000890
	709.164000	26904.962511	2.482063	42.507706	0.001900	-0.000872
	710.207000	26893.567478	2.525720	42.543128	0.001908	-0.000862
	711.249000	26879.267735	2.568934	42.578373	0.001923	-0.000854
	712.289000	26871.786976	2.614482	42.621499	0.001928	-0.000847
	713.349000	26859.683478	2.659272	42.660235	0.001931	-0.000838
	714.392000	26852.402380	2.704389	42.700385	0.001934	-0.000829
	715.437000	26828.145469	2.748040	42.738626	0.001937	-0.000825
	716.486000	26822.419775	2.794339	42.783009	0.001960	-0.000768
	717.531000	26796.241954	2.842633	42.828166	0.001980	-0.000748
	718.576000	26778.966655	2.890340	42.868357	0.001993	-0.000734
	719.616000	26765.203092	2.935520	42.911178	0.002001	-0.000721
	720.679000	26738.923833	2.984748	42.959377	0.002004	-0.000712
	721.723000	26713.198466	3.032711	42.988513	0.002004	-0.000709
	722.765000	26686.676077	3.080187	43.045526	0.002005	-0.000706
	723.818000	26661.857225	3.128032	43.092546	0.002004	-0.000706
	724.858000	26621.514918	3.182348	43.143094	0.002007	-0.000701
	725.901000	26587.085083	3.230127	43.190405	0.002007	-0.000700
	726.944000	26564.369087	3.277544	43.232093	0.002005	-0.000700
	727.989000	26508.400278	3.326350	43.279680	0.002002	-0.000702
	729.032000	26457.403614	3.379195	43.333643	0.002002	-0.000698
	730.088000	26410.636813	3.429258	43.379301	0.002005	-0.000697
	731.129000	26363.789507	3.480201	43.430763	0.002007	-0.000694
	732.181000	26307.852907	3.527797	43.485522	0.002008	-0.000691
	733.224000	26236.378365	3.568141	43.528283	0.002010	-0.000690
	734.269000	26151.774666	3.613839	43.582249	0.002008	-0.000691
	735.315000	26092.360149	3.655326	43.627049	0.002005	-0.000693
	736.359000	26036.125678	3.691351	43.673380	0.001995	-0.000697
	737.401000	25989.785579	3.728407	43.717937	0.001994	-0.000697
	738.451000	25904.764861	3.767480	43.759189	0.002000	-0.000696
	739.493000	25784.932721	3.810558	43.799361	0.002003	-0.000694
	740.540000	25578.638801	3.852276	43.837311	0.002001	-0.000695
	741.584000	25366.561246	3.878062	43.854432	0.001986	-0.000705
	742.627000	272.310550	3.742946	35.472063	0.001985	-0.000706
	743.671000	263.011998	3.811130	26.558705	0.001981	-0.000703
	744.717000	264.720355	3.866922	17.618028	0.001989	-0.000703
	745.759000	254.210979	3.921547	8.646666	0.001982	-0.000709
	746.801000	259.801381	3.976615	0.115647	0.001975	-0.000709
	747.859000	257.978704	4.029181	0.076613	0.001976	-0.000708
	748.903000	264.132655	4.035429	0.078503	0.001981	-0.000706
	749.945000	253.539551	4.036506	0.082172	0.001979	-0.000709
	750.989000	258.268529	4.029697	0.079996	0.001975	-0.000712
