LabVIEW Measurement	
Writer_Version	2
Reader_Version	2
Separator	Tab
Decimal_Separator	.
Multi_Headings	No
X_Columns	No
Time_Pref	Absolute
Operator	mechlab
Description	Data file
Date	2022/03/16
Time	21:51:14.4727997779846191407
***End_of_Header***	
	
Channels	6						
Samples	1	1	1	1	1	1	
Date	2022/03/16	2022/03/16	2022/03/16	2022/03/16	2022/03/16	2022/03/16	
Time	21:51:14.4727997779846191407	21:51:14.6807999610900878906	21:51:14.8888001441955566406	21:51:15.0977997779846191406	21:51:15.3057999610900878906	21:51:15.5138001441955566406	
X_Dimension	Time	Time	Time	Time	Time	Time	
X0	0.0000000000000000E+0	0.0000000000000000E+0	0.0000000000000000E+0	0.0000000000000000E+0	0.0000000000000000E+0	0.0000000000000000E+0	
Delta_X	1.000000	1.000000	1.000000	1.000000	1.000000	1.000000	
***End_of_Header***							
X_Value	Untitled	Untitled 1	Untitled 2	Untitled 3	Untitled 4	Untitled 5	Comment
	0.000000	-362.029428	-18.003605	57.625698	-4.775128E-8	2.398164E-6
	1.046000	-370.392489	-18.004705	50.142012	-4.775128E-8	2.398164E-6
	2.106000	-369.534285	-18.005080	41.712484	-4.775128E-8	3.595916E-6
	3.146000	-363.699142	-18.008406	38.808119	-4.775128E-8	4.194795E-6
	4.188000	-359.855740	-18.005415	38.808211	-4.775128E-8	2.398164E-6
	5.232000	-350.104739	-18.003554	38.803728	-4.775128E-8	2.997040E-6
	6.277000	-348.753833	-18.003756	38.807187	-4.775128E-8	2.398164E-6
	7.333000	-349.365685	-18.006103	38.801461	-4.775128E-8	3.595916E-6
	8.377000	-350.979045	-18.005982	38.812516	-4.775128E-8	4.194795E-6
	9.421000	-335.941958	-18.005352	38.809729	-4.775128E-8	4.793675E-6
	10.469000	-332.217706	-18.005991	38.814547	-4.775128E-8	4.793675E-6
	11.511000	-319.985481	-18.004631	38.807703	-4.775128E-8	5.392556E-6
	12.557000	-318.061365	-18.001864	38.805414	-4.775128E-8	6.590323E-6
	13.601000	-316.642833	-17.998304	38.810085	-4.775128E-8	7.189209E-6
	14.650000	-290.288079	-18.002296	38.808544	-4.775128E-8	9.584769E-6
	15.693000	-254.945531	-17.999119	38.808753	-4.775128E-8	1.377706E-5
	16.735000	-210.351124	-18.000979	38.813392	-4.775128E-8	2.575543E-5
	17.778000	-48.981394	-17.988079	38.815970	-4.775128E-8	4.851603E-5
	18.824000	219.351472	-17.965115	38.814738	-4.775128E-8	5.929813E-5
	19.876000	386.739901	-17.902365	38.818235	-4.775128E-8	5.630306E-5
	20.920000	387.657680	-17.836787	38.833426	-4.775128E-8	5.510503E-5
	21.962000	402.507991	-17.780639	38.836226	-4.775128E-8	5.750108E-5
	23.006000	406.404527	-17.725855	38.838005	-4.775128E-8	5.989715E-5
	24.051000	426.445926	-17.685431	38.841712	-4.775128E-8	6.289228E-5
	25.096000	422.456001	-17.654159	38.842061	-4.775128E-8	6.888264E-5
	26.137000	473.516726	-17.630757	38.841048	-4.775128E-8	7.187788E-5
	27.183000	503.020911	-17.616263	38.828379	-4.775128E-8	7.667034E-5
	28.226000	537.846605	-17.605490	38.834010	-4.775128E-8	7.726941E-5
	29.270000	537.202550	-17.603373	38.824523	-4.775128E-8	7.726941E-5
	30.314000	534.959626	-17.600486	38.821628	-4.775128E-8	7.607128E-5
	31.358000	537.213821	-17.607633	38.818169	-4.775128E-8	7.726941E-5
	32.398000	519.418566	-17.603301	38.815447	-4.775128E-8	7.547222E-5
	33.441000	518.962896	-17.607957	38.816901	-4.775128E-8	7.607128E-5
	34.483000	512.343615	-17.601196	38.810938	-4.775128E-8	7.607128E-5
	35.525000	512.399970	-17.609496	38.816472	-4.775128E-8	7.427410E-5
	36.568000	508.936561	-17.603908	38.811954	-4.775128E-8	7.427410E-5
	37.612000	501.203064	-17.608036	38.818083	-4.775128E-8	7.487316E-5
	38.655000	493.777104	-17.604389	38.815461	-4.775128E-8	7.607128E-5
	39.702000	500.113000	-17.605719	38.816571	-4.775128E-8	7.427410E-5
	40.745000	505.952974	-17.607318	38.813791	-4.775128E-8	7.427410E-5
	41.789000	503.850133	-17.609472	38.818490	-4.775128E-8	7.307599E-5
	42.834000	503.141671	-17.609345	38.814134	-4.775128E-8	7.427410E-5
	43.876000	495.686728	-17.608017	38.814276	-4.775128E-8	7.487316E-5
	44.916000	500.718412	-17.610594	38.809801	-4.775128E-8	7.607128E-5
	45.962000	502.326941	-17.607204	38.818416	-4.775128E-8	7.367504E-5
	47.007000	497.747706	-17.603989	38.813552	-4.775128E-8	7.367504E-5
	48.049000	497.102040	-17.606768	38.815667	-4.775128E-8	7.367504E-5
	49.099000	510.527379	-17.604484	38.818620	-4.775128E-8	7.487316E-5
	50.144000	506.564827	-17.607799	38.817281	-4.775128E-8	7.607128E-5
	51.188000	513.794350	-17.607149	38.818580	-4.775128E-8	7.547222E-5
	52.228000	510.321281	-17.607187	38.815092	-4.775128E-8	7.487316E-5
	53.271000	509.876882	-17.607274	38.813231	-4.775128E-8	7.667034E-5
	54.314000	515.314322	-17.604049	38.810967	-4.775128E-8	7.547222E-5
	55.369000	518.409008	-17.606278	38.812909	-4.775128E-8	7.667034E-5
	56.413000	520.048130	-17.607332	38.821119	-4.775128E-8	7.667034E-5
	57.464000	521.474713	-17.601771	38.822048	-4.775128E-8	8.086383E-5
	58.508000	561.694372	-17.599872	38.816308	-4.775128E-8	8.266106E-5
	59.553000	578.517103	-17.597265	38.810885	-4.775128E-8	8.625556E-5
	60.597000	614.764550	-17.592665	38.812225	-4.775128E-8	9.044922E-5
	61.638000	649.818884	-17.585302	38.812104	-4.775128E-8	9.404384E-5
	62.682000	700.082590	-17.579641	38.813159	-4.775128E-8	0.000101
	63.734000	746.889328	-17.572042	38.813729	-4.775128E-8	0.000105
	64.786000	788.897852	-17.558690	38.798240	-4.775128E-8	0.000111
	65.832000	852.664182	-17.549052	38.800186	-4.775128E-8	0.000114
	66.877000	901.035975	-17.541071	38.795518	-4.775128E-8	0.000120
	67.918000	973.229773	-17.526664	38.794577	-4.775128E-8	0.000128
	68.961000	1045.980679	-17.509500	38.794751	-4.775128E-8	0.000135
	70.006000	1138.130539	-17.501483	38.798503	-4.775128E-8	0.000145
	71.050000	1248.718100	-17.482940	38.795954	-4.775128E-8	0.000155
	72.095000	1336.440078	-17.470261	38.790982	-4.775128E-8	0.000163
	73.140000	1456.514578	-17.453563	38.788922	-4.775128E-8	0.000175
	74.184000	1570.932660	-17.441374	38.794861	-4.775128E-8	0.000186
	75.226000	1691.620623	-17.423602	38.795556	-4.775128E-8	0.000197
	76.271000	1842.155732	-17.406621	38.787457	-4.775128E-8	0.000212
	77.326000	2024.766421	-17.385228	38.790486	-4.775128E-8	0.000228
	78.369000	2197.812885	-17.369973	38.793183	-4.775128E-8	0.000239
	79.414000	2315.894036	-17.356659	38.796551	-4.775128E-8	0.000247
	80.471000	2416.865851	-17.340390	38.796543	-4.775128E-8	0.000253
	81.514000	2491.418506	-17.334409	38.794296	-4.775128E-8	0.000261
	82.567000	2556.010842	-17.328232	38.794724	-4.775128E-8	0.000264
	83.612000	2606.533783	-17.320735	38.794315	-4.775128E-8	0.000273
	84.669000	2692.051485	-17.319952	38.800065	-4.775128E-8	0.000277
	85.712000	2754.560302	-17.315633	38.796070	-4.775128E-8	0.000279
	86.759000	2799.673176	-17.307876	38.795626	-4.775128E-8	0.000282
	87.802000	2830.774622	-17.299603	38.797355	-4.775128E-8	0.000285
	88.845000	2842.572110	-17.301842	38.798889	-4.775128E-8	0.000285
	89.888000	2860.534821	-17.295267	38.795856	-4.775128E-8	0.000288
	90.932000	2880.870877	-17.291112	38.792146	-4.775128E-8	0.000288
	91.978000	2884.554875	-17.296120	38.787952	-4.775128E-8	0.000288
	93.021000	2882.469745	-17.289348	38.795030	-4.775128E-8	0.000289
	94.063000	2893.584534	-17.288330	38.801619	-4.775128E-8	0.000290
	95.107000	2890.341714	-17.293040	38.799229	-4.775128E-8	0.000288
	96.150000	2898.627490	-17.290730	38.800332	-4.775128E-8	0.000289
	97.193000	2892.877683	-17.288903	38.799892	-4.775128E-8	0.000289
	98.236000	2892.138629	-17.286227	38.798310	-4.775128E-8	0.000286
	99.283000	2896.514988	-17.286556	38.798677	-4.775128E-8	0.000289
	100.329000	2884.535553	-17.284883	38.800842	-4.775128E-8	0.000288
	101.373000	2886.279334	-17.290638	38.793093	-4.775128E-8	0.000289
	102.416000	2879.774372	-17.291226	38.797014	-4.775128E-8	0.000289
	103.458000	2866.049547	-17.287595	38.798509	-4.775128E-8	0.000288
	104.503000	2868.010696	-17.288659	38.797907	-4.775128E-8	0.000286
	105.554000	2859.993814	-17.289947	38.799533	-4.775128E-8	0.000286
	106.599000	2853.783508	-17.290404	38.801900	-4.775128E-8	0.000285
	107.644000	2852.184640	-17.288359	38.798318	-4.775128E-8	0.000285
	108.689000	2847.729385	-17.287622	38.806942	-4.775128E-8	0.000286
	109.732000	2833.468384	-17.288655	38.804290	-4.775128E-8	0.000285
	110.776000	2833.065849	-17.289161	38.799611	-4.775128E-8	0.000284
	111.818000	2827.874761	-17.289918	38.796637	-4.775128E-8	0.000285
	112.860000	2822.400289	-17.285691	38.789623	-4.775128E-8	0.000283
	113.918000	2823.641706	-17.293482	38.794213	-4.775128E-8	0.000283
	114.974000	2816.016087	-17.287002	38.798810	-4.775128E-8	0.000282
	116.017000	2811.802354	-17.291566	38.796192	-4.775128E-8	0.000281
	117.062000	2792.849407	-17.292163	38.792782	-4.775128E-8	0.000282
	118.115000	2791.612821	-17.291173	38.791262	-4.775128E-8	0.000279
	119.160000	2774.030103	-17.290724	38.796856	-4.775128E-8	0.000280
	120.221000	2759.949437	-17.290105	38.799152	-4.775128E-8	0.000277
	121.266000	2745.112006	-17.291045	38.795817	-4.775128E-8	0.000271
	122.311000	2700.290567	-17.293802	38.796339	-4.775128E-8	0.000260
	123.356000	2541.284511	-17.300979	38.793937	-4.775128E-8	0.000240
	124.401000	2225.723034	-17.395273	38.791198	-4.775128E-8	6.888264E-5
	125.445000	418.517602	-17.501442	38.799113	-4.775128E-8	7.487316E-5
	126.488000	451.744428	-17.452691	38.810085	-4.775128E-8	9.404384E-5
	127.532000	657.768140	-17.426183	38.806683	-4.775128E-8	0.000108
	128.576000	779.022870	-17.418390	38.806317	-4.775128E-8	0.000114
	129.618000	829.177086	-17.415645	38.800686	-4.775128E-8	0.000117
	130.662000	867.689999	-17.412345	38.797928	-4.775128E-8	0.000120
	131.707000	898.282638	-17.411342	38.792800	-4.775128E-8	0.000123
	132.762000	924.107656	-17.408940	38.786224	-4.775128E-8	0.000123
	133.806000	941.972147	-17.407671	38.791875	-4.775128E-8	0.000126
	134.850000	959.236056	-17.404735	38.789436	-4.775128E-8	0.000125
	135.892000	979.240422	-17.404438	38.782976	-4.775128E-8	0.000128
	136.934000	1018.508489	-17.401074	38.788307	-4.775128E-8	0.000132
	137.979000	1032.793642	-17.398730	38.783953	-4.775128E-8	0.000137
	139.032000	1094.231712	-17.391271	38.781791	-4.775128E-8	0.000142
	140.076000	1148.654407	-17.392357	38.783815	-4.775128E-8	0.000147
	141.124000	1231.610374	-17.389412	38.784234	-4.775128E-8	0.000158
	142.167000	1324.806824	-17.383298	38.784913	-4.775128E-8	0.000162
	143.212000	1390.471509	-17.378329	38.784224	-4.775128E-8	0.000165
	144.256000	1444.369300	-17.374296	38.781170	-4.775128E-8	0.000171
	145.296000	1507.382086	-17.369670	38.782310	-4.775128E-8	0.000176
	146.338000	1573.885654	-17.368261	38.788151	-4.775128E-8	0.000182
	147.395000	1637.201147	-17.362484	38.789425	-4.775128E-8	0.000189
	148.436000	1714.178669	-17.358426	38.785515	-4.775128E-8	0.000198
	149.476000	1817.694502	-17.350698	38.785713	-4.775128E-8	0.000214
	150.519000	2057.895030	-17.332073	38.785019	-4.775128E-8	0.000373
	151.572000	3271.677386	-17.209677	38.786985	-4.775128E-8	0.000182
	152.617000	1630.364498	-17.239890	38.795642	-4.775128E-8	0.000210
	153.662000	1952.971935	-17.231927	38.792982	-4.775128E-8	0.000223
	154.706000	2102.957989	-17.225903	38.793057	-4.775128E-8	0.000229
	155.749000	2178.822906	-17.221208	38.788924	-4.775128E-8	0.000233
	156.793000	2233.255264	-17.219394	38.791061	-4.775128E-8	0.000238
	157.836000	2296.648045	-17.219309	38.791708	-4.775128E-8	0.000244
	158.882000	2356.725550	-17.214263	38.801393	-4.775128E-8	0.000255
	159.928000	2500.952139	-17.212746	38.794159	-4.775128E-8	0.000269
	160.970000	2652.541895	-17.200269	38.790742	-4.775128E-8	0.000292
	162.012000	2940.355853	-17.189573	38.791317	-4.775128E-8	0.000314
	163.054000	3198.182586	-17.177895	38.803119	-4.775128E-8	0.000330
	164.095000	3352.509584	-17.171305	38.806243	-4.775128E-8	0.000342
	165.140000	3525.771818	-17.159045	38.801910	-4.775128E-8	0.000370
	166.186000	3878.783545	-17.146800	38.807013	-4.775128E-8	0.000402
	167.229000	4271.849103	-17.137264	38.803853	-4.775128E-8	0.000420
	168.285000	4434.626123	-17.129498	38.808982	-4.775128E-8	0.000426
	169.329000	4527.178535	-17.117161	38.805298	-4.775128E-8	0.000430
	170.383000	4572.961233	-17.113650	38.812650	-4.775128E-8	0.000439
	171.425000	4675.304902	-17.100949	38.809351	-4.775128E-8	0.000454
	172.468000	4850.610422	-17.091451	38.814830	-4.775128E-8	0.000466
	173.511000	4996.564716	-17.077067	38.811808	-4.775128E-8	0.000472
	174.553000	5076.843040	-17.066775	38.814361	-4.775128E-8	0.000479
	175.597000	5155.071657	-17.058748	38.815455	-4.775128E-8	0.000484
	176.642000	5217.783363	-17.047932	38.810837	-4.775128E-8	0.000489
	177.685000	5268.428685	-17.045639	38.814155	-4.775128E-8	0.000495
	178.730000	5312.082782	-17.033462	38.816988	-4.775128E-8	0.000499
	179.775000	5374.256702	-17.030130	38.812505	-4.775128E-8	0.000508
	180.818000	5509.899671	-17.015608	38.818142	-4.775128E-8	0.000528
	181.863000	5755.974052	-16.998042	38.822185	-4.775128E-8	0.000541
	182.907000	5899.497049	-16.978515	38.816601	-4.775128E-8	0.000550
	183.953000	6004.186705	-16.968690	38.816765	-4.775128E-8	0.000556
	184.998000	6072.698139	-16.962151	38.820580	-4.775128E-8	0.000561
	186.049000	6130.756548	-16.951640	38.818068	-4.775128E-8	0.000565
	187.094000	6172.083998	-16.943479	38.816706	-4.775128E-8	0.000568
	188.135000	6216.047246	-16.941480	38.820058	-4.775128E-8	0.000572
	189.190000	6257.018855	-16.936765	38.818632	-4.775128E-8	0.000574
	190.235000	6280.555875	-16.936077	38.824604	-4.775128E-8	0.000577
	191.279000	6313.157979	-16.924513	38.829133	-4.775128E-8	0.000580
	192.324000	6373.085762	-16.925121	38.826702	-4.775128E-8	0.000600
	193.384000	6643.613358	-16.906148	38.824858	-4.775128E-8	0.000661
	194.426000	7372.963145	-16.834679	38.824908	-4.775128E-8	0.000698
	195.481000	7782.556943	-16.795150	38.826943	-4.775128E-8	0.000720
	196.523000	8016.854833	-16.773927	38.829565	-4.775128E-8	0.000732
	197.570000	8156.775991	-16.759965	38.827962	-4.775128E-8	0.000738
	198.615000	8230.708786	-16.747020	38.832540	-4.775128E-8	0.000740
	199.657000	8236.110805	-16.739859	38.833906	-4.775128E-8	0.000739
	200.702000	8261.481780	-16.738329	38.832093	-4.775128E-8	0.000740
	201.746000	8264.153002	-16.734555	38.834954	-4.775128E-8	0.000740
	202.792000	8257.968455	-16.729724	38.835334	-4.775128E-8	0.000741
	203.837000	8282.785542	-16.729781	38.833893	-4.775128E-8	0.000741
	204.879000	8270.002642	-16.723332	38.834907	-4.775128E-8	0.000742
	205.923000	8293.449499	-16.723232	38.836543	-4.775128E-8	0.000743
	206.966000	8304.841240	-16.724255	38.840589	-4.775128E-8	0.000746
	208.010000	8324.198342	-16.721316	38.834939	-4.775128E-8	0.000746
	209.055000	8341.837425	-16.722295	38.833812	-4.775128E-8	0.000748
	210.106000	8354.493125	-16.716402	38.836477	-4.775128E-8	0.000747
	211.150000	8370.029366	-16.717512	38.832933	-4.775128E-8	0.000750
	212.200000	8380.360025	-16.714142	38.838569	-4.775128E-8	0.000751
	213.244000	8415.858781	-16.712838	38.837124	-4.775128E-8	0.000755
	214.287000	8433.117871	-16.706746	38.839726	-4.775128E-8	0.000775
	215.329000	8724.277882	-16.695968	38.835237	-4.775128E-8	0.000782
	216.371000	8773.944263	-16.692177	38.832131	-4.775128E-8	0.000782
	217.416000	8741.506382	-16.691386	38.839208	-4.775128E-8	0.000779
	218.461000	8731.898675	-16.688189	38.843739	-4.775128E-8	0.000779
	219.502000	8734.516763	-16.681847	38.840345	-4.775128E-8	0.000774
	220.544000	8694.701219	-16.687397	38.833749	-4.775128E-8	0.000773
	221.590000	8664.994136	-16.679497	38.837086	-4.775128E-8	0.000773
	222.630000	8660.551759	-16.685123	38.835537	-4.775128E-8	0.000773
	223.675000	8678.764053	-16.685325	38.841839	-4.775128E-8	0.000776
	224.717000	8692.332703	-16.681986	38.839160	-4.775128E-8	0.000777
	225.761000	8709.126465	-16.680980	38.844153	-4.775128E-8	0.000780
	226.804000	8749.779281	-16.678604	38.841536	-4.775128E-8	0.000782
	227.848000	8787.942821	-16.675080	38.838704	-4.775128E-8	0.000785
	228.892000	8817.182965	-16.676125	38.840522	-4.775128E-8	0.000791
	229.938000	8875.618170	-16.672325	38.830907	-4.775128E-8	0.000795
	230.982000	8932.921446	-16.663747	38.835867	-4.775128E-8	0.000812
	232.028000	9247.433347	-16.532358	38.836168	-4.775128E-8	0.000806
	233.071000	8779.421962	-16.539901	38.842011	-4.775128E-8	0.000760
	234.115000	8586.921665	-16.534244	38.839839	-4.775128E-8	0.000784
	235.159000	8833.941303	-16.529137	38.843161	-4.775128E-8	0.000795
	236.202000	8951.093488	-16.527361	38.838619	-4.775128E-8	0.000801
	237.252000	9035.914061	-16.522502	38.837181	-4.775128E-8	0.000806
	238.298000	9070.823510	-16.515996	38.832199	-4.775128E-8	0.000810
	239.342000	9127.738744	-16.520259	38.840564	-4.775128E-8	0.000814
	240.388000	9187.304271	-16.520474	38.836055	-4.775128E-8	0.000821
	241.432000	9270.313439	-16.514245	38.833691	-4.775128E-8	0.000835
	242.476000	9437.140069	-16.509644	38.839915	-4.775128E-8	0.000854
	243.517000	9668.757143	-16.497922	38.839818	-4.775128E-8	0.000876
	244.560000	9937.882446	-16.492334	38.844252	-4.775128E-8	0.000896
	245.615000	10156.178848	-16.481993	38.845850	-4.775128E-8	0.000914
	246.659000	10389.187115	-16.472786	38.845058	-4.775128E-8	0.000949
	247.703000	10788.336146	-16.462309	38.843858	-4.775128E-8	0.000972
	248.751000	11054.582579	-16.451424	38.850369	-4.775128E-8	0.000984
	249.794000	11189.757120	-16.448154	38.852115	-4.775128E-8	0.000994
	250.839000	11309.466262	-16.438311	38.854253	-4.775128E-8	0.001012
	251.884000	11581.280592	-16.425094	38.858407	-4.775128E-8	0.001059
	252.927000	12093.899593	-16.403143	38.864156	-4.775128E-8	0.001081
	253.978000	12307.652278	-16.378410	38.867848	-4.775128E-8	0.001089
	255.021000	12421.189778	-16.368291	38.861328	-4.775128E-8	0.001098
	256.063000	12503.284443	-16.356660	38.866866	-4.775128E-8	0.001103
	257.107000	12561.441137	-16.349779	38.873034	-4.775128E-8	0.001105
	258.152000	12607.120848	-16.350742	38.868933	-4.775128E-8	0.001107
	259.195000	12651.758797	-16.340941	38.871105	-4.775128E-8	0.001112
	260.241000	12673.492486	-16.338673	38.871884	-4.775128E-8	0.001109
	261.284000	12646.946084	-16.332374	38.865589	-4.775128E-8	0.001109
	262.328000	12639.919427	-16.334530	38.867972	-4.775128E-8	0.001113
	263.370000	12673.268675	-16.333000	38.867312	-4.775128E-8	0.001115
	264.414000	12722.556714	-16.326098	38.865998	-4.775128E-8	0.001121
	265.459000	12796.623219	-16.319570	38.866075	-4.775128E-8	0.001138
	266.504000	13035.748551	-16.305422	38.870171	-4.775128E-8	0.001198
	267.548000	13747.664643	-16.270800	38.870200	-4.775128E-8	0.001228
	268.591000	14054.845902	-16.239276	38.870353	-4.775128E-8	0.001242
	269.635000	14241.219839	-16.225689	38.877354	-4.775128E-8	0.001253
	270.677000	14347.275066	-16.213583	38.877035	-4.775128E-8	0.001260
	271.721000	14436.703969	-16.203985	38.878567	-4.775128E-8	0.001266
	272.764000	14498.749186	-16.197529	38.878742	-4.775128E-8	0.001269
	273.812000	14537.638950	-16.187859	38.872896	-4.775128E-8	0.001272
	274.856000	14579.256295	-16.182304	38.877465	-4.775128E-8	0.001274
	275.901000	14593.816811	-16.181522	38.880793	-4.775128E-8	0.001276
	276.945000	14612.864793	-16.175705	38.877601	-4.775128E-8	0.001279
	277.995000	14645.286617	-16.175156	38.884270	-4.775128E-8	0.001280
	279.038000	14663.722746	-16.170205	38.876071	-4.775128E-8	0.001281
	280.082000	14688.662239	-16.167706	38.876644	-4.775128E-8	0.001284
	281.126000	14701.997436	-16.167628	38.876351	-4.775128E-8	0.001283
	282.171000	14720.272551	-16.164295	38.876443	-4.775128E-8	0.001286
	283.217000	14745.088064	-16.166481	38.877427	-4.775128E-8	0.001289
	284.261000	14765.293739	-16.154719	38.875398	-4.775128E-8	0.001291
	285.305000	14782.699377	-16.155270	38.880082	-4.775128E-8	0.001292
	286.350000	14813.739700	-16.153679	38.876816	-4.775128E-8	0.001295
	287.393000	14854.577740	-16.150820	38.877229	-4.775128E-8	0.001304
	288.438000	14981.489160	-16.142645	38.882367	-4.775128E-8	0.001458
	289.485000	16146.818652	-16.014468	38.875895	-4.775128E-8	0.001262
	290.529000	14526.062028	-16.041609	38.876559	-4.775128E-8	0.001278
	291.571000	14701.759136	-16.033730	38.873268	-4.775128E-8	0.001286
	292.615000	14798.359621	-16.033447	38.869419	-4.775128E-8	0.001292
	293.656000	14848.811821	-16.029125	38.869134	-4.775128E-8	0.001297
	294.701000	14879.641215	-16.027268	38.873289	-4.775128E-8	0.001299
	295.743000	14929.051653	-16.021665	38.877253	-4.775128E-8	0.001303
	296.785000	14958.314381	-16.026657	38.872442	-4.775128E-8	0.001306
	297.828000	15004.168015	-16.023639	38.876430	-4.775128E-8	0.001310
	298.873000	15059.571405	-16.022250	38.873780	-4.775128E-8	0.001317
	299.926000	15148.760415	-16.021147	38.877359	-4.775128E-8	0.001330
	300.969000	15302.673935	-16.011361	38.875341	-4.775128E-8	0.001354
	302.015000	15575.937676	-16.004434	38.871413	-4.775128E-8	0.001381
	303.058000	15872.411649	-15.999209	38.874635	-4.775128E-8	0.001398
	304.101000	16065.974971	-15.988550	38.879921	-4.775128E-8	0.001413
	305.145000	16247.029106	-15.982261	38.878336	-4.775128E-8	0.001603
	306.188000	19704.446132	-15.781651	38.877726	-4.775128E-8	0.001610
	307.235000	18404.761564	-15.842886	38.877203	-4.775128E-8	0.001545
	308.281000	17752.959181	-15.856840	38.882188	-4.775128E-8	0.001530
	309.327000	17619.421909	-15.858563	38.886524	-4.775128E-8	0.001524
	310.372000	17571.199715	-15.865064	38.881943	-4.775128E-8	0.001524
	311.417000	17562.696546	-15.860931	38.886965	-4.775128E-8	0.001524
	312.464000	17547.722210	-15.856590	38.885828	-4.775128E-8	0.001524
	313.510000	17551.473845	-15.860720	38.880507	-4.775128E-8	0.001525
	314.554000	17550.234034	-15.862364	38.880236	-4.775128E-8	0.001524
	315.597000	17546.242488	-15.860564	38.887912	-4.775128E-8	0.001523
	316.641000	17550.158358	-15.863313	38.884479	-4.775128E-8	0.001524
	317.683000	17550.994022	-15.861083	38.885379	-4.775128E-8	0.001523
	318.736000	17551.377236	-15.862499	38.887123	-4.775128E-8	0.001525
	319.790000	17558.431275	-15.866137	38.878771	-4.775128E-8	0.001523
	320.835000	17554.782690	-15.858927	38.886503	-4.775128E-8	0.001524
	321.879000	17566.588264	-15.856313	38.884656	-4.775128E-8	0.001525
	322.912000	17559.197704	-15.864464	38.882922	-4.775128E-8	0.001527
	323.956000	17606.006192	-15.856735	38.887823	-4.775128E-8	0.001917
	325.000000	21715.627401	-15.687183	38.888181	-4.775128E-8	0.001709
	326.043000	19629.524433	-15.729061	38.888701	-4.775128E-8	0.001668
	327.086000	19239.357373	-15.735559	38.894279	-4.775128E-8	0.001660
	328.126000	19145.323317	-15.744664	38.890820	-4.775128E-8	0.001658
	329.166000	19114.767603	-15.742410	38.899198	-4.775128E-8	0.001654
	330.209000	19094.891977	-15.742933	38.896956	-4.775128E-8	0.001656
	331.254000	19100.194184	-15.739077	38.888335	-4.775128E-8	0.001655
	332.298000	19100.094355	-15.740998	38.890904	-4.775128E-8	0.001655
	333.344000	19102.536943	-15.743370	38.893137	-4.775128E-8	0.001655
	334.386000	19102.284151	-15.740356	38.889482	-4.775128E-8	0.001656
	335.436000	19105.335375	-15.740955	38.893432	-4.775128E-8	0.001657
	336.481000	19111.099693	-15.741185	38.891879	-4.775128E-8	0.001658
	337.524000	19128.571372	-15.739556	38.887171	-4.775128E-8	0.001665
	338.575000	19259.495451	-15.713641	38.887650	-4.775128E-8	0.002034
	339.617000	23116.707831	-15.561363	38.896663	-4.775128E-8	0.001878
	340.659000	21614.505379	-15.591305	38.902164	-4.775128E-8	0.001848
	341.714000	21324.907727	-15.597469	38.901755	-4.775128E-8	0.001843
	342.757000	21271.051565	-15.601989	38.904423	-4.775128E-8	0.001841
	343.802000	21263.855823	-15.603405	38.907664	-4.775128E-8	0.001841
	344.845000	21248.404864	-15.604855	38.899050	-4.775128E-8	0.001840
	345.889000	21235.971318	-15.606239	38.906059	-4.775128E-8	0.001841
	346.932000	21241.761401	-15.600734	38.903386	-4.775128E-8	0.001840
	347.973000	21241.009464	-15.599768	38.901033	-4.775128E-8	0.001840
	349.017000	21240.661672	-15.602217	38.899979	-4.775128E-8	0.001841
	350.060000	21237.375364	-15.601565	38.903436	-4.775128E-8	0.001839
	351.103000	21231.477400	-15.603405	38.906400	-4.775128E-8	0.001839
	352.144000	21226.262138	-15.603506	38.903832	-4.775128E-8	0.001840
	353.190000	21233.139070	-15.603843	38.903136	-4.775128E-8	0.001839
	354.235000	21240.329982	-15.604410	38.901491	-4.775128E-8	0.001841
	355.281000	21241.099632	-15.600832	38.906959	-4.775128E-8	0.001842
	356.327000	21269.193458	-15.597873	38.905479	-4.775128E-8	0.002151
	357.373000	25669.531750	-15.391069	38.906558	-4.775128E-8	0.001938
	358.418000	22149.421758	-15.506751	38.906928	-4.775128E-8	0.001851
	359.460000	21360.923473	-15.523678	38.904564	-4.775128E-8	0.001851
	360.504000	21377.562722	-15.520938	38.901531	-4.775128E-8	0.001855
	361.549000	21435.854839	-15.520333	38.906392	-4.775128E-8	0.001879
	362.594000	21757.797121	-15.502768	38.898898	-4.775128E-8	0.001915
	363.638000	22112.819905	-15.498520	38.906393	-4.775128E-8	0.001927
	364.688000	22260.792373	-15.496949	38.902062	-4.775128E-8	0.001938
	365.733000	22388.080906	-15.487973	38.906728	-4.775128E-8	0.001962
	366.783000	22711.111779	-15.475728	38.906133	-4.775128E-8	0.002020
	367.827000	23377.506603	-15.462049	38.906526	-4.775128E-8	0.002047
	368.872000	23666.502317	-15.450602	38.911416	-4.775128E-8	0.002060
	369.917000	23808.636491	-15.446851	38.910850	-4.775128E-8	0.002069
	370.962000	23890.200135	-15.436888	38.911436	-4.775128E-8	0.002079
	372.006000	24030.587314	-15.436039	38.911854	-4.775128E-8	0.002113
	373.062000	24503.986945	-15.418766	38.920275	-4.775128E-8	0.002167
	374.107000	25066.601798	-15.397528	38.917220	-4.775128E-8	0.002186
	375.149000	25246.624477	-15.386262	38.919048	-4.775128E-8	0.002193
	376.193000	25339.261172	-15.377398	38.928013	-4.775128E-8	0.002197
	377.236000	25414.455125	-15.371340	38.928028	-4.775128E-8	0.002202
	378.281000	25446.770815	-15.369768	38.930507	-4.775128E-8	0.002206
	379.324000	25475.853326	-15.360097	38.929536	-4.775128E-8	0.002211
	380.369000	25535.792734	-15.360310	38.932555	-4.775128E-8	0.002216
	381.411000	25609.611628	-15.354619	38.932272	-4.775128E-8	0.002232
	382.457000	25805.615087	-15.346300	38.931090	-4.775128E-8	0.002263
	383.502000	26176.161991	-15.326781	38.938099	-4.775128E-8	0.002287
	384.545000	26421.434478	-15.310474	38.932638	-4.775128E-8	0.002297
	385.589000	26550.932388	-15.301755	38.931213	-4.775128E-8	0.002306
	386.633000	26639.342498	-15.289650	38.935127	-4.775128E-8	0.002311
	387.673000	26704.051205	-15.287201	38.943587	-4.775128E-8	0.002316
	388.718000	26761.029584	-15.280467	38.939213	-4.775128E-8	0.002321
	389.762000	26801.112660	-15.272975	38.944290	-4.775128E-8	0.002332
	390.804000	26958.298736	-15.261597	38.940511	-4.775128E-8	0.002346
	391.849000	27101.713210	-15.250987	38.941292	-4.775128E-8	0.002364
	392.893000	27312.118006	-15.248734	38.945015	-4.775128E-8	0.002386
	393.946000	27567.318827	-15.228331	38.940579	-4.775128E-8	0.002400
	394.989000	27698.063071	-15.217608	38.948234	-4.775128E-8	0.002406
	396.034000	27778.657562	-15.211890	38.945577	-4.775128E-8	0.002406
	397.080000	27787.775847	-15.206235	38.946915	-4.775128E-8	0.002413
	398.126000	27907.081593	-15.200520	38.954597	-4.775128E-8	0.002454
	399.170000	29255.401799	-15.025179	38.944046	-4.775128E-8	0.002381
	400.214000	27327.000628	-15.097754	38.950507	-4.775128E-8	0.002433
	401.260000	28111.024943	-15.073619	38.952224	-4.775128E-8	0.002460
	402.304000	28406.189832	-15.067766	38.948430	-4.775128E-8	0.002472
	403.347000	28514.327607	-15.065883	38.951676	-4.775128E-8	0.002477
	404.390000	28560.244300	-15.060022	38.945504	-4.775128E-8	0.002480
	405.433000	28600.490038	-15.057827	38.948758	-4.775128E-8	0.002483
	406.474000	28644.163793	-15.063423	38.948035	-4.775128E-8	0.002484
	407.518000	28655.584598	-15.060622	38.948686	-4.775128E-8	0.002487
	408.560000	28684.837834	-15.059053	38.949192	-4.775128E-8	0.002490
	409.605000	28706.106328	-15.059868	38.949821	-4.775128E-8	0.002492
	410.648000	28740.690777	-15.059249	38.947113	-4.775128E-8	0.002493
	411.697000	28756.006541	-15.056175	38.949552	-4.775128E-8	0.002495
	412.750000	28771.929333	-15.053162	38.952048	-4.775128E-8	0.002497
	413.792000	28801.335533	-15.056118	38.950823	-4.775128E-8	0.002499
	414.833000	28814.809285	-15.055460	38.949018	-4.775128E-8	0.002503
	415.877000	28855.096894	-15.053988	38.954534	-4.775128E-8	0.002506
	416.921000	28877.394277	-15.049199	38.946161	-4.775128E-8	0.002510
	417.966000	28952.422526	-15.048753	38.952674	-4.775128E-8	0.002517
	419.010000	29025.504103	-15.049859	38.950749	-4.775128E-8	0.002524
	420.055000	29110.304371	-15.044630	38.949198	-4.775128E-8	0.002537
	421.100000	29289.498206	-15.037961	38.958827	-4.775128E-8	0.002860
	422.156000	34000.486736	-14.816115	38.958857	-4.775128E-8	0.002732
	423.199000	31279.005086	-14.907741	38.963050	-4.775128E-8	0.002643
	424.246000	30413.532974	-14.926199	38.965618	-4.775128E-8	0.002623
	425.288000	30206.631508	-14.930964	38.966151	-4.775128E-8	0.002618
	426.333000	30174.549208	-14.931758	38.963097	-4.775128E-8	0.002618
	427.377000	30155.195167	-14.936831	38.963498	-4.775128E-8	0.002618
	428.421000	30153.514168	-14.931002	38.963738	-4.775128E-8	0.002618
	429.463000	30156.191852	-14.931565	38.966147	-4.775128E-8	0.002617
	430.508000	30155.607365	-14.932207	38.958431	-4.775128E-8	0.002618
	431.554000	30165.255404	-14.936283	38.962314	-4.775128E-8	0.002619
	432.599000	30174.085482	-14.933005	38.963611	-4.775128E-8	0.002786
	433.644000	33497.338648	-14.764545	38.968312	-4.775128E-8	0.002992
	434.690000	34271.835180	-14.767563	38.970715	-4.775128E-8	0.002921
	435.737000	33575.001170	-14.781229	38.972128	-4.775128E-8	0.002905
	436.783000	33417.294403	-14.783649	38.969022	-4.775128E-8	0.002899
	437.828000	33358.169466	-14.783112	38.982498	-4.775128E-8	0.002895
	438.872000	33327.249637	-14.779436	38.977675	-4.775128E-8	0.002895
	439.917000	33297.978607	-14.778448	38.972626	-4.775128E-8	0.002894
	440.962000	33299.141140	-14.782618	38.976287	-4.775128E-8	0.002893
	442.006000	33275.314050	-14.781424	38.980137	-4.775128E-8	0.002892
	443.053000	33269.454692	-14.781094	38.977418	-4.775128E-8	0.002890
	444.095000	33268.173006	-14.786518	38.978113	-4.775128E-8	0.002890
	445.140000	33259.977314	-14.779410	38.978017	-4.775128E-8	0.002887
	446.186000	33253.486774	-14.780591	38.972529	-4.775128E-8	0.002889
	447.229000	33235.019892	-14.781980	38.974445	-4.775128E-8	0.002887
	448.274000	33236.340220	-14.779555	38.972573	-4.775128E-8	0.002887
	449.317000	33239.273924	-14.782523	38.978897	-4.775128E-8	0.002887
	450.365000	33233.173044	-14.779258	38.978695	-4.775128E-8	0.002886
	451.409000	33226.746911	-14.780207	38.974180	-4.775128E-8	0.002887
	452.455000	33229.191128	-14.783935	38.972727	-4.775128E-8	0.002889
	453.500000	33237.364280	-14.777722	38.974255	-4.775128E-8	0.002889
	454.545000	33242.523221	-14.779384	38.968554	-4.775128E-8	0.002890
	455.589000	33283.190934	-14.783268	38.969557	-4.775128E-8	0.002897
	456.632000	33323.905341	-14.778517	38.975510	-4.775128E-8	0.002915
	457.675000	33607.436162	-14.735066	38.979382	-4.775128E-8	0.003298
	458.718000	37471.758816	-14.575892	38.984882	-4.775128E-8	0.003148
	459.762000	36067.293562	-14.602538	38.997261	-4.775128E-8	0.003125
	460.817000	35832.909153	-14.606336	39.000131	-4.775128E-8	0.003119
	461.860000	35772.618365	-14.605360	38.994696	-4.775128E-8	0.003115
	462.904000	35750.137327	-14.609240	39.003003	-4.775128E-8	0.003114
	463.948000	35745.408291	-14.606170	39.003570	-4.775128E-8	0.003113
	464.988000	35717.742544	-14.605858	39.006187	-4.775128E-8	0.003113
	466.033000	35716.658907	-14.607613	39.003299	-4.775128E-8	0.003112
	467.076000	35708.448707	-14.606087	39.000369	-4.775128E-8	0.003114
	468.119000	35708.651586	-14.606918	38.995698	-4.775128E-8	0.003111
	469.161000	35696.562515	-14.605621	39.000685	-4.775128E-8	0.003112
	470.204000	35693.126436	-14.606961	39.001630	-4.775128E-8	0.003112
	471.251000	35696.211501	-14.606639	39.001564	-4.775128E-8	0.003112
	472.297000	35696.295228	-14.604542	39.003755	-4.775128E-8	0.003112
	473.339000	35694.997441	-14.605184	38.994419	-4.775128E-8	0.003113
	474.381000	35704.135093	-14.609033	39.001058	-4.775128E-8	0.003115
	475.425000	35708.013965	-14.602015	38.998822	-4.775128E-8	0.003115
	476.469000	35757.973970	-14.602813	39.002549	-4.775128E-8	0.003394
	477.513000	40178.097330	-14.381220	39.003771	-4.775128E-8	0.003496
	478.557000	39746.156279	-14.400547	39.016329	-4.775128E-8	0.003449
	479.600000	39264.115280	-14.412368	39.013532	-4.775128E-8	0.003437
	480.643000	39139.293846	-14.409293	39.017044	-4.775128E-8	0.003433
	481.687000	39094.444372	-14.411789	39.018548	-4.775128E-8	0.003429
	482.730000	39047.812452	-14.413146	39.025871	-4.775128E-8	0.003428
	483.787000	39022.148070	-14.414638	39.018311	-4.775128E-8	0.003424
	484.831000	38984.628060	-14.408388	39.021063	-4.775128E-8	0.003423
	485.886000	38963.299847	-14.410613	39.019952	-4.775128E-8	0.003423
	486.930000	38947.087120	-14.406393	39.028069	-4.775128E-8	0.003419
	487.971000	38931.552275	-14.413256	39.018263	-4.775128E-8	0.003421
	489.015000	38924.823403	-14.409248	39.022506	-4.775128E-8	0.003420
	490.058000	38905.575521	-14.413969	39.016052	-4.775128E-8	0.003421
	491.105000	38899.791818	-14.408686	39.023522	-4.775128E-8	0.003419
	492.147000	38896.201155	-14.412725	39.015477	-4.775128E-8	0.003418
	493.190000	38879.249366	-14.413282	39.018776	-4.775128E-8	0.003418
	494.231000	38871.237197	-14.407625	39.021576	-4.775128E-8	0.003417
	495.273000	38861.758171	-14.409076	39.023924	-4.775128E-8	0.003418
	496.316000	38870.245335	-14.414464	39.023303	-4.775128E-8	0.003418
	497.361000	38873.418966	-14.409117	39.021889	-4.775128E-8	0.003418
	498.403000	38865.992899	-14.407879	39.021688	-4.775128E-8	0.003418
	499.452000	38885.804335	-14.411826	39.019198	-4.775128E-8	0.003421
	500.496000	38899.609870	-14.406959	39.014765	-4.775128E-8	0.003426
	501.545000	38943.427222	-14.403950	39.022773	-4.775128E-8	0.003432
	502.590000	39034.929540	-14.401854	39.021902	-4.775128E-8	0.003450
	503.631000	39227.864072	-14.393868	39.024995	-4.775128E-8	0.003908
	504.673000	44605.671420	-14.153517	39.034302	-4.775128E-8	0.003859
	505.718000	42644.737292	-14.189704	39.037673	-4.775128E-8	0.003821
	506.761000	42224.757444	-14.193489	39.037464	-4.775128E-8	0.003812
	507.805000	42102.085294	-14.194092	39.042649	-4.775128E-8	0.003808
	508.848000	42054.390551	-14.194068	39.050297	-4.775128E-8	0.003807
	509.893000	42014.009189	-14.195002	39.046020	-4.775128E-8	0.003806
	510.938000	41988.761780	-14.193617	39.047790	-4.775128E-8	0.003804
	511.980000	41986.670173	-14.195627	39.051978	-4.775128E-8	0.003805
	513.024000	41951.913123	-14.196725	39.041423	-4.775128E-8	0.003805
	514.069000	41931.344859	-14.195953	39.042520	-4.775128E-8	0.003804
	515.114000	41916.177092	-14.186623	39.040699	-4.775128E-8	0.003804
	516.157000	41906.910586	-14.188130	39.045970	-4.775128E-8	0.003805
	517.209000	41891.205023	-14.194089	39.044679	-4.775128E-8	0.003804
	518.253000	41882.658262	-14.193727	39.046888	-4.775128E-8	0.003803
	519.303000	41868.833372	-14.194579	39.048872	-4.775128E-8	0.003804
	520.349000	41857.377041	-14.196356	39.043054	-4.775128E-8	0.003805
	521.392000	41868.506510	-14.195433	39.044307	-4.775128E-8	0.003805
	522.437000	41847.662908	-14.190950	39.049691	-4.775128E-8	0.003807
	523.478000	41870.561082	-14.191640	39.041283	-4.775128E-8	0.003808
	524.524000	41870.511168	-14.190930	39.046693	-4.775128E-8	0.003810
	525.567000	41879.112674	-14.191306	39.046534	-4.775128E-8	0.003813
	526.612000	41912.691083	-14.191151	39.048365	-4.775128E-8	0.003819
	527.655000	41963.032932	-14.190275	39.046526	-4.775128E-8	0.003830
	528.704000	42106.460115	-14.179972	39.048038	-4.775128E-8	0.004054
	529.745000	45989.391233	-13.965260	39.046806	-4.775128E-8	0.004422
	530.787000	44952.234768	-13.987092	39.059142	-4.775128E-8	0.004352
	531.828000	44186.357476	-14.003400	39.055092	-4.775128E-8	0.004339
	532.872000	44023.488860	-14.001034	39.071545	-4.775128E-8	0.004339
	533.915000	43988.978106	-14.003412	39.080611	-4.775128E-8	0.004340
	534.958000	43941.909646	-14.004525	39.080384	-4.775128E-8	0.004342
	536.003000	43926.292616	-14.008634	39.078742	-4.775128E-8	0.004342
	537.046000	43914.871690	-14.003193	39.076452	-4.775128E-8	0.004343
	538.089000	43883.890427	-14.002962	39.070374	-4.775128E-8	0.004346
	539.131000	43868.919078	-14.005842	39.075271	-4.775128E-8	0.004346
	540.175000	43853.501711	-14.005622	39.074569	-4.775128E-8	0.004347
	541.216000	43841.295021	-14.002883	39.075203	-4.775128E-8	0.004348
	542.260000	43832.155703	-14.003593	39.076662	-4.775128E-8	0.004351
	543.306000	43819.741301	-14.007994	39.073176	-4.775128E-8	0.004351
	544.357000	43815.443760	-14.006664	39.072821	-4.775128E-8	0.004354
	545.403000	43819.110115	-14.004931	39.079378	-4.775128E-8	0.004354
	546.444000	43810.125373	-14.003115	39.078282	-4.775128E-8	0.004355
	547.486000	43805.761815	-14.008504	39.077010	-4.775128E-8	0.004358
	548.531000	43825.231977	-14.000944	39.082727	-4.775128E-8	0.004366
	549.575000	43908.883470	-13.988298	39.079518	-4.775128E-8	0.005511
	550.628000	46889.780224	-13.796793	39.097929	-4.775128E-8	0.005430
	551.673000	45375.529314	-13.819864	39.113697	-4.775128E-8	0.005429
	552.717000	45115.124441	-13.823015	39.126656	-4.775128E-8	0.005438
	553.763000	45034.538625	-13.830004	39.149016	-4.775128E-8	0.005446
	554.805000	44974.846387	-13.825773	39.149982	-4.775128E-8	0.005455
	555.851000	44938.479078	-13.823290	39.152657	-4.775128E-8	0.005465
	556.896000	44902.077959	-13.827640	39.151650	-4.775128E-8	0.005471
	557.940000	44877.807859	-13.824496	39.153112	-4.775128E-8	0.005479
	558.984000	44844.823522	-13.824612	39.154687	-4.775128E-8	0.005486
	560.028000	44813.748849	-13.825892	39.156160	-4.775128E-8	0.005493
	561.073000	44787.459599	-13.825390	39.155527	-4.775128E-8	0.005498
	562.119000	44767.276118	-13.827292	39.159480	-4.775128E-8	0.005504
	563.162000	44753.629925	-13.824169	39.156878	-4.775128E-8	0.005511
	564.206000	44734.251526	-13.821469	39.160305	-4.775128E-8	0.005517
	565.250000	44719.333303	-13.820686	39.154771	-4.775128E-8	0.005525
	566.294000	44706.680587	-13.823021	39.162730	-4.775128E-8	0.005530
	567.339000	44698.537956	-13.821809	39.158126	-4.775128E-8	0.005536
	568.383000	44706.617790	-13.821219	39.158463	-4.775128E-8	0.005544
	569.437000	44712.852368	-13.816364	39.160769	-4.775128E-8	0.005555
	570.479000	44752.064838	-13.816665	39.156395	-4.775128E-8	0.005570
	571.522000	44872.043451	-13.809522	39.162406	-4.775128E-8	0.005607
	572.566000	45247.591577	-13.756096	39.167013	-4.775128E-8	0.001513
	573.610000	46874.998824	-13.592483	39.188545	-4.775128E-8	0.001408
	574.654000	45873.771071	-13.611179	39.214487	-4.775128E-8	0.001353
	575.697000	45659.067578	-13.607332	39.249321	-4.775128E-8	0.001322
	576.742000	45537.689644	-13.615019	39.273699	-4.775128E-8	0.001299
	577.784000	45456.424307	-13.611617	39.300964	-4.775128E-8	0.001281
	578.827000	45378.411520	-13.610741	39.301487	-4.775128E-8	0.001268
	579.872000	45314.784004	-13.609531	39.304107	-4.775128E-8	0.001257
	580.914000	45266.908795	-13.615941	39.303191	-4.775128E-8	0.001246
	581.959000	45206.765697	-13.613300	39.305110	-4.775128E-8	0.001236
	583.005000	45178.674659	-13.607956	39.303382	-4.775128E-8	0.001226
	584.045000	45143.672765	-13.613131	39.313773	-4.775128E-8	0.001219
	585.088000	45123.758175	-13.609183	39.309488	-4.775128E-8	0.001212
	586.132000	45085.070607	-13.607248	39.312043	-4.775128E-8	0.001205
	587.178000	45088.790102	-13.610627	39.318292	-4.775128E-8	0.001201
	588.221000	45073.036192	-13.608597	39.314546	-4.775128E-8	0.001195
	589.261000	45067.833732	-13.605707	39.316534	-4.775128E-8	0.001188
	590.307000	45089.144338	-13.604564	39.317914	-4.775128E-8	0.001184
	591.354000	45121.869447	-13.597299	39.318294	-4.775128E-8	0.001179
	592.401000	45154.644472	-13.602842	39.318972	-4.775128E-8	0.001173
	593.446000	45186.554833	-13.599418	39.319244	-4.775128E-8	0.001170
	594.492000	45234.116056	-13.596820	39.320366	-4.775128E-8	0.001165
	595.536000	45258.783872	-13.594834	39.317133	-4.775128E-8	0.001162
	596.580000	45311.107986	-13.588702	39.325036	-4.775128E-8	0.001153
	597.624000	45392.160770	-13.587233	39.324161	-4.775128E-8	0.001147
	598.666000	45451.600233	-13.585086	39.317581	-4.775128E-8	0.001144
	599.707000	45537.475490	-13.585498	39.325813	-4.775128E-8	0.001139
	600.759000	45649.240699	-13.572994	39.323799	-4.775128E-8	0.001134
	601.802000	45841.524163	-13.569947	39.322036	-4.775128E-8	0.001130
	602.856000	46282.572804	-13.527554	39.324508	-4.775128E-8	0.001095
	603.898000	47264.865282	-13.332848	39.354571	-4.775128E-8	0.001098
	604.942000	46264.191077	-13.344989	39.392555	-4.775128E-8	0.001099
	605.985000	46025.017726	-13.344464	39.426127	-4.775128E-8	0.001097
	607.027000	45893.671180	-13.346613	39.458538	-4.775128E-8	0.001095
	608.071000	45774.589330	-13.347736	39.486046	-4.775128E-8	0.001092
	609.127000	45690.108462	-13.342818	39.489240	-4.775128E-8	0.001092
	610.169000	45616.290153	-13.347718	39.495884	-4.775128E-8	0.001090
	611.210000	45555.507800	-13.341844	39.493725	-4.775128E-8	0.001087
	612.254000	45505.138425	-13.349170	39.498214	-4.775128E-8	0.001086
	613.299000	45449.463536	-13.345051	39.502249	-4.775128E-8	0.001083
	614.349000	45409.342903	-13.340122	39.498935	-4.775128E-8	0.001080
	615.392000	45392.292805	-13.343489	39.501283	-4.775128E-8	0.001079
	616.438000	45370.476599	-13.339543	39.501764	-4.775128E-8	0.001076
	617.482000	45393.434414	-13.339476	39.504350	-4.775128E-8	0.001074
	618.525000	45416.075029	-13.334699	39.501764	-4.775128E-8	0.001072
	619.568000	45438.156915	-13.336707	39.503571	-4.775128E-8	0.001071
	620.625000	45465.494402	-13.332111	39.501387	-4.775128E-8	0.001068
	621.669000	45504.177151	-13.330998	39.507282	-4.775128E-8	0.001067
	622.713000	45529.102601	-13.329093	39.516130	-4.775128E-8	0.001065
	623.759000	45549.707961	-13.326253	39.512898	-4.775128E-8	0.001063
	624.804000	45597.402845	-13.322614	39.512285	-4.775128E-8	0.001062
	625.847000	45628.161948	-13.321368	39.513908	-4.775128E-8	0.001061
	626.891000	45664.294192	-13.315224	39.516349	-4.775128E-8	0.001058
	627.934000	45711.794249	-13.314325	39.508213	-4.775128E-8	0.001057
	628.978000	45750.530144	-13.313385	39.516368	-4.775128E-8	0.001055
	630.020000	45801.303688	-13.309056	39.519584	-4.775128E-8	0.001055
	631.063000	45863.197073	-13.308183	39.521431	-4.775128E-8	0.001053
	632.107000	45923.006901	-13.304721	39.519320	-4.775128E-8	0.001050
	633.150000	46004.085490	-13.298280	39.529562	-4.775128E-8	0.001050
	634.194000	46080.227302	-13.292027	39.523862	-4.775128E-8	0.001048
	635.238000	46189.120018	-13.288741	39.532756	-4.775128E-8	0.001046
	636.282000	46324.537114	-13.274972	39.536300	-4.775128E-8	0.001044
	637.330000	46722.331871	-13.263946	39.541205	-4.775128E-8	0.001032
	638.374000	49239.391001	-13.028919	39.561467	-4.775128E-8	0.001044
	639.415000	46885.521299	-13.044802	39.594928	-4.775128E-8	0.001048
	640.457000	46535.860982	-13.046890	39.633363	-4.775128E-8	0.001047
	641.502000	46365.237440	-13.045754	39.670414	-4.775128E-8	0.001047
	642.546000	46242.286295	-13.045481	39.703369	-4.775128E-8	0.001047
	643.591000	46187.511454	-13.042599	39.709226	-4.775128E-8	0.001045
	644.634000	46342.195876	-13.026389	39.720419	-4.775128E-8	0.001032
	645.680000	49384.620796	-12.838507	39.729631	-4.775128E-8	0.001039
	646.724000	48329.850796	-12.766196	39.766940	-4.775128E-8	0.001044
	647.766000	47473.210502	-12.764400	39.810060	-4.775128E-8	0.001045
	648.809000	47334.521392	-12.748724	39.844231	-4.775128E-8	0.001046
	649.854000	47434.073614	-12.740757	39.891717	-4.775128E-8	0.001043
	650.897000	47527.148114	-12.724741	39.915206	-4.775128E-8	0.001044
	651.942000	47660.428673	-12.708563	39.929866	-4.775128E-8	0.001042
	652.986000	47805.630979	-12.687175	39.940699	-4.775128E-8	0.001041
	654.030000	48031.390350	-12.665601	39.957173	-4.775128E-8	0.001038
	655.074000	48942.959117	-12.530088	39.965852	-4.775128E-8	0.001064
	656.117000	48139.619871	-12.402944	40.016216	-4.775128E-8	0.001073
	657.157000	47435.872177	-12.403089	40.062932	-4.775128E-8	0.001074
	658.199000	47152.470325	-12.401210	40.103825	-4.775128E-8	0.001074
	659.242000	47012.520492	-12.396582	40.144129	-4.775128E-8	0.001076
	660.287000	47174.056313	-12.384787	40.178577	-4.775128E-8	0.001070
	661.331000	48679.125245	-12.310224	40.184195	-4.775128E-8	0.001068
	662.375000	49046.504634	-12.251848	40.202071	-4.775128E-8	0.001070
	663.417000	49054.193226	-12.191111	40.220110	-4.775128E-8	0.001071
	664.457000	49062.097580	-12.134567	40.254739	-4.775128E-8	0.001071
	665.498000	49076.687390	-12.072771	40.287938	-4.775128E-8	0.001072
	666.543000	49077.257391	-12.018559	40.335000	-4.775128E-8	0.001076
	667.589000	49070.148463	-11.960131	40.379997	-4.775128E-8	0.001077
	668.629000	49080.418169	-11.913199	40.422092	-4.775128E-8	0.001076
	669.673000	49072.711863	-11.857493	40.464115	-4.775128E-8	0.001080
	670.718000	49044.015300	-11.814914	40.503698	-4.775128E-8	0.001080
	671.767000	49027.994045	-11.770762	40.536459	-4.775128E-8	0.001082
	672.812000	49030.270835	-11.722105	40.573570	-4.775128E-8	0.001085
	673.856000	49045.266407	-11.681357	40.604428	-4.775128E-8	0.001085
	674.898000	49045.255136	-11.642673	40.644048	-4.775128E-8	0.001086
	675.940000	49049.731426	-11.601575	40.671933	-4.775128E-8	0.001089
	676.983000	49061.833513	-11.560674	40.705109	-4.775128E-8	0.001088
	678.029000	49091.586353	-11.522264	40.734758	-4.775128E-8	0.001089
	679.072000	49113.389754	-11.479941	40.762397	-4.775128E-8	0.001092
	680.116000	49134.331708	-11.439873	40.798743	-4.775128E-8	0.001091
	681.159000	49135.893578	-11.402672	40.827285	-4.775128E-8	0.001092
	682.205000	49150.304657	-11.357003	40.855249	-4.775128E-8	0.001094
	683.251000	49186.857278	-11.311387	40.896479	-4.775128E-8	0.001097
	684.294000	49208.567288	-11.271392	40.917862	-4.775128E-8	0.001097
	685.340000	49224.805920	-11.230176	40.945320	-4.775128E-8	0.001096
	686.385000	49224.160239	-11.191696	40.978144	-4.775128E-8	0.001098
	687.425000	49230.386792	-11.147263	41.009940	-4.775128E-8	0.001101
	688.468000	49240.385989	-11.105954	41.031417	-4.775128E-8	0.001104
	689.512000	49261.886678	-11.069851	41.070951	-4.775128E-8	0.001103
	690.555000	49264.929914	-11.025355	41.101974	-4.775128E-8	0.001106
	691.600000	49271.117822	-10.988329	41.135669	-4.775128E-8	0.001106
	692.644000	49293.932416	-10.950351	41.168698	-4.775128E-8	0.001108
	693.686000	49303.440510	-10.904894	41.200887	-4.775128E-8	0.001109
	694.725000	49315.341327	-10.858382	41.235433	-4.775128E-8	0.001112
	695.768000	49322.543647	-10.822998	41.257096	-4.775128E-8	0.001112
	696.810000	49339.439231	-10.781974	41.291953	-4.775128E-8	0.001113
	697.855000	49343.490437	-10.734738	41.323739	-4.775128E-8	0.001114
	698.900000	49340.585678	-10.695196	41.353126	-4.775128E-8	0.001115
	699.943000	49353.647436	-10.650606	41.388548	-4.775128E-8	0.001117
	700.984000	49356.342871	-10.612002	41.418694	-4.775128E-8	0.001120
	702.028000	49369.465812	-10.574133	41.454984	-4.775128E-8	0.001123
	703.071000	49370.148526	-10.534246	41.482551	-4.775128E-8	0.001127
	704.112000	49209.617125	-10.497688	41.511905	-4.775128E-8	0.001125
	705.153000	49222.614470	-10.464485	41.542348	-4.775128E-8	0.001128
	706.198000	49263.989568	-10.427730	41.568818	-4.775128E-8	0.001128
	707.241000	49290.720113	-10.400965	41.593708	-4.775128E-8	0.001127
	708.293000	49310.589696	-10.363270	41.628505	-4.775128E-8	0.001130
	709.336000	49336.568289	-10.322951	41.652574	-4.775128E-8	0.001132
	710.380000	49349.345039	-10.288024	41.681624	-4.775128E-8	0.001133
	711.424000	49374.016172	-10.252513	41.703909	-4.775128E-8	0.001132
	712.467000	49383.847912	-10.211725	41.736218	-4.775128E-8	0.001135
	713.508000	49417.645524	-10.175275	41.765082	-4.775128E-8	0.001137
	714.552000	49423.247330	-10.133273	41.793001	-4.775128E-8	0.001139
	715.595000	49449.116435	-10.088639	41.817754	-4.775128E-8	0.001139
	716.637000	49469.325766	-10.045708	41.851812	-4.775128E-8	0.001141
	717.679000	49477.556991	-10.005231	41.887600	-4.775128E-8	0.001144
	718.722000	49490.375609	-9.963107	41.913343	-4.775128E-8	0.001147
	719.765000	49504.213471	-9.914065	41.951686	-4.775128E-8	0.001146
	720.809000	49512.259526	-9.868260	41.980465	-4.775128E-8	0.001148
	721.853000	49525.274588	-9.816336	42.023849	-4.775128E-8	0.001153
	722.895000	49518.577862	-9.773036	42.057865	-4.775128E-8	0.001164
	723.941000	49519.241255	-9.721199	42.102504	-4.775128E-8	0.001171
	724.986000	49513.035633	-9.669327	42.142243	-4.775128E-8	0.001176
	726.028000	49520.563210	-9.619768	42.185579	-4.775128E-8	0.001179
	727.071000	49521.973725	-9.562809	42.226917	-4.775128E-8	0.001178
	728.116000	49518.798457	-9.514125	42.270092	-4.775128E-8	0.001183
	729.159000	49508.027981	-9.462150	42.307927	-4.775128E-8	0.001186
	730.213000	49501.445575	-9.409086	42.356988	-4.775128E-8	0.001190
	731.260000	49481.001160	-9.351473	42.395636	-4.775128E-8	0.001191
	732.301000	49459.184871	-9.296273	42.444616	-4.775128E-8	0.001195
	733.346000	49453.626539	-9.245899	42.488760	-4.775128E-8	0.001198
	734.389000	49430.599397	-9.183657	42.538497	-4.775128E-8	0.001201
	735.432000	49401.015618	-9.132660	42.576886	-4.775128E-8	0.001207
	736.476000	49381.991377	-9.072568	42.628492	-4.775128E-8	0.001216
	737.518000	49352.240137	-9.017343	42.677862	-4.775128E-8	0.001224
	738.559000	49298.334641	-8.967595	42.730535	-4.775128E-8	0.001238
	739.605000	49259.355481	-8.908881	42.779120	-4.775128E-8	0.001250
	740.649000	49180.279705	-8.852812	42.829124	-4.775128E-8	0.001259
	741.693000	49124.941158	-8.801663	42.876664	-4.775128E-8	0.001278
	742.737000	49061.385882	-8.746610	42.932522	-4.775128E-8	0.001285
	743.782000	48993.455762	-8.690977	42.981462	-4.775128E-8	0.001295
	744.829000	48931.895505	-8.643544	43.032638	-4.775128E-8	0.001306
	745.872000	48835.796971	-8.597047	43.074386	-4.775128E-8	0.001313
	746.915000	48710.839267	-8.550039	43.127847	-4.775128E-8	0.001322
	747.960000	48460.250845	-8.521769	43.172545	-4.775128E-8	0.001318
	749.004000	42312.498663	-8.690416	43.199496	-4.775128E-8	0.001327
	750.050000	43963.891674	-8.648946	43.220118	-4.775128E-8	0.001324
	751.096000	44488.835873	-8.633494	43.233237	-4.775128E-8	0.001318
	752.141000	46588.909733	-8.562135	43.238266	-4.775128E-8	0.001315
	753.185000	47388.289929	-8.535947	43.237516	-4.775128E-8	0.001312
	754.230000	49222.157183	-8.436185	43.261203	-4.775128E-8	0.001333
	755.273000	49080.670966	-8.308231	43.302571	-4.775128E-8	0.001366
	756.317000	48162.333003	-8.229631	43.359022	-4.775128E-8	0.001368
	757.360000	47119.291091	-8.222022	43.424878	-4.775128E-8	0.001371
	758.402000	47102.226472	-8.200612	43.494457	-4.775128E-8	0.001370
	759.445000	47227.964925	-8.176142	43.552964	-4.775128E-8	0.001375
	760.487000	47301.198846	-8.158137	43.604589	-4.775128E-8	0.001378
	761.529000	47371.154460	-8.131261	43.627870	-4.775128E-8	0.001382
	762.570000	47412.529486	-8.107315	43.645832	-4.775128E-8	0.001389
	763.615000	47461.079452	-8.072922	43.668790	-4.775128E-8	0.001394
	764.656000	47444.156524	-8.032708	43.695989	-4.775128E-8	0.001403
	765.698000	47359.751206	-7.983897	43.732642	-4.775128E-8	0.001415
	766.740000	47202.350282	-7.921146	43.771507	-4.775128E-8	0.001430
	767.784000	46989.081199	-7.853888	43.818796	-4.775128E-8	0.001463
	768.827000	46679.927968	-7.771032	43.886100	-4.775128E-8	0.001510
	769.870000	46257.438016	-7.664928	43.954949	-4.775128E-8	0.001579
	770.913000	45648.607904	-7.560030	44.046442	-4.775128E-8	0.001591
	771.956000	40178.502987	-7.659914	44.126797	-4.775128E-8	0.001576
	773.002000	42357.150186	-7.607480	44.211188	-4.775128E-8	0.001571
	774.048000	42906.978817	-7.587927	44.260931	-4.775128E-8	0.001568
	775.094000	43261.193194	-7.568001	44.298918	-4.775128E-8	0.001562
	776.142000	44958.810701	-7.505920	44.320304	-4.775128E-8	0.001561
	777.186000	45145.572768	-7.461348	44.337148	-4.775128E-8	0.001576
	778.237000	44904.694484	-7.410083	44.363054	-4.775128E-8	0.001595
	779.283000	44549.122239	-7.329799	44.401742	-4.775128E-8	0.001618
	780.329000	22603.437827	-7.248701	44.742911	-4.775128E-8	0.001513
	781.374000	282.098584	-7.228936	45.542027	-4.775128E-8	0.001451
	782.417000	272.395887	-7.209793	46.334502	-4.775128E-8	0.001407
	783.460000	268.267491	-7.102452	47.134272	-4.775128E-8	0.001380
	784.505000	263.469277	-7.062895	47.934872	-4.775128E-8	0.001363
	785.551000	262.482262	-7.035798	48.356704	-4.775128E-8	0.001353
	786.596000	254.465381	-7.008639	48.406534	-4.775128E-8	0.001344
